epoch:0 0.3763  0.7095  0.3601  -1.0000  0.3873  0.3255  0.0609  0.4117  0.5608  -1.0000  0.5339  0.5495  1.1232  0.001000
epoch:1 0.4588  0.8162  0.4756  -1.0000  0.4471  0.4532  0.0755  0.4692  0.6031  -1.0000  0.5651  0.6070  0.9594  0.001000
epoch:2 0.5264  0.8438  0.6218  -1.0000  0.5009  0.5292  0.0824  0.5105  0.6529  -1.0000  0.6030  0.6754  0.8540  0.001000
epoch:3 0.5564  0.8710  0.6757  -1.0000  0.5254  0.5662  0.0857  0.5283  0.6623  -1.0000  0.5988  0.6893  0.7816  0.001000
epoch:4 0.5658  0.8799  0.6869  -1.0000  0.5408  0.5763  0.0876  0.5330  0.6715  -1.0000  0.6142  0.6989  0.7310  0.001000
epoch:5 0.5827  0.8807  0.7154  -1.0000  0.5524  0.5959  0.0887  0.5446  0.6888  -1.0000  0.6540  0.7034  0.6925  0.001000
epoch:6 0.5849  0.8809  0.7148  -1.0000  0.5570  0.5975  0.0896  0.5475  0.6897  -1.0000  0.6435  0.7078  0.6623  0.001000
epoch:7 0.5995  0.8956  0.7461  -1.0000  0.5732  0.6156  0.0898  0.5520  0.6948  -1.0000  0.6401  0.7172  0.6364  0.001000
epoch:8 0.5893  0.8975  0.7256  -1.0000  0.5617  0.6041  0.0896  0.5464  0.6862  -1.0000  0.6408  0.7031  0.6126  0.001000
epoch:9 0.6125  0.9038  0.7706  -1.0000  0.5921  0.6274  0.0920  0.5596  0.7035  -1.0000  0.6528  0.7308  0.6004  0.001000
epoch:10 0.6236  0.9067  0.7824  -1.0000  0.6027  0.6395  0.0931  0.5642  0.7108  -1.0000  0.6685  0.7319  0.5621  0.000100
epoch:11 0.6254  0.9081  0.7794  -1.0000  0.5999  0.6417  0.0934  0.5663  0.7108  -1.0000  0.6691  0.7309  0.5599  0.000100
epoch:12 0.6273  0.9084  0.7817  -1.0000  0.6022  0.6430  0.0933  0.5667  0.7122  -1.0000  0.6688  0.7327  0.5577  0.000100
epoch:13 0.6270  0.9075  0.7832  -1.0000  0.6040  0.6446  0.0935  0.5670  0.7126  -1.0000  0.6704  0.7331  0.5577  0.000100
epoch:14 0.6265  0.9071  0.7822  -1.0000  0.6019  0.6435  0.0936  0.5677  0.7116  -1.0000  0.6645  0.7336  0.5541  0.000100
epoch:15 0.6285  0.9079  0.7875  -1.0000  0.6023  0.6460  0.0929  0.5665  0.7126  -1.0000  0.6687  0.7319  0.5511  0.000100
epoch:16 0.6290  0.9083  0.7867  -1.0000  0.6029  0.6470  0.0932  0.5678  0.7123  -1.0000  0.6681  0.7340  0.5492  0.000100
epoch:17 0.6261  0.9055  0.7873  -1.0000  0.5996  0.6462  0.0923  0.5683  0.7123  -1.0000  0.6656  0.7347  0.5483  0.000100
epoch:18 0.6277  0.9089  0.7854  -1.0000  0.6070  0.6444  0.0919  0.5691  0.7131  -1.0000  0.6680  0.7368  0.5472  0.000100
epoch:19 0.6287  0.9100  0.7892  -1.0000  0.6067  0.6471  0.0929  0.5693  0.7126  -1.0000  0.6676  0.7348  0.5450  0.000100
epoch:20 0.6278  0.9071  0.7852  -1.0000  0.6021  0.6462  0.0935  0.5683  0.7117  -1.0000  0.6680  0.7332  0.5420  0.000010
epoch:21 0.6280  0.9100  0.7846  -1.0000  0.6038  0.6451  0.0931  0.5681  0.7117  -1.0000  0.6689  0.7326  0.5420  0.000010
epoch:22 0.6301  0.9099  0.7849  -1.0000  0.6041  0.6482  0.0933  0.5698  0.7133  -1.0000  0.6691  0.7353  0.5415  0.000010
epoch:23 0.6293  0.9082  0.7870  -1.0000  0.6051  0.6468  0.0934  0.5686  0.7129  -1.0000  0.6716  0.7333  0.5413  0.000010
epoch:24 0.6300  0.9085  0.7872  -1.0000  0.6018  0.6489  0.0938  0.5690  0.7127  -1.0000  0.6681  0.7345  0.5404  0.000010
epoch:25 0.6300  0.9087  0.7849  -1.0000  0.6033  0.6486  0.0935  0.5688  0.7129  -1.0000  0.6675  0.7353  0.5404  0.000010
epoch:26 0.6297  0.9083  0.7871  -1.0000  0.6041  0.6482  0.0939  0.5687  0.7130  -1.0000  0.6692  0.7335  0.5388  0.000010
epoch:27 0.6288  0.9073  0.7844  -1.0000  0.6041  0.6457  0.0935  0.5687  0.7128  -1.0000  0.6704  0.7335  0.5414  0.000010
epoch:28 0.6289  0.9091  0.7836  -1.0000  0.6025  0.6481  0.0933  0.5687  0.7119  -1.0000  0.6679  0.7334  0.5376  0.000010
epoch:29 0.6298  0.9085  0.7863  -1.0000  0.6029  0.6476  0.0932  0.5685  0.7128  -1.0000  0.6703  0.7331  0.5390  0.000010
