epoch:0 0.2075  0.4413  0.1374  -1.0000  0.2897  0.1579  0.0472  0.3624  0.5239  -1.0000  0.4732  0.5472  1.2661  0.010000
epoch:1 0.4622  0.7965  0.5004  -1.0000  0.4744  0.4543  0.0776  0.4722  0.6081  -1.0000  0.5585  0.6246  0.9384  0.010000
epoch:2 0.5101  0.8051  0.5951  -1.0000  0.4439  0.5216  0.0859  0.5131  0.6644  -1.0000  0.6501  0.6755  0.8388  0.010000
epoch:3 0.5552  0.8623  0.6644  -1.0000  0.5377  0.5661  0.0883  0.5321  0.6675  -1.0000  0.6379  0.6807  0.7294  0.010000
epoch:4 0.5657  0.8700  0.7069  -1.0000  0.5741  0.5775  0.0873  0.5357  0.6761  -1.0000  0.6491  0.6942  0.6682  0.010000
epoch:5 0.5737  0.8661  0.7227  -1.0000  0.5578  0.5927  0.0893  0.5425  0.6771  -1.0000  0.6183  0.7074  0.6309  0.010000
epoch:6 0.6070  0.8978  0.7548  -1.0000  0.6036  0.6170  0.0907  0.5617  0.7049  -1.0000  0.6497  0.7351  0.6054  0.010000
epoch:7 0.6182  0.9061  0.7757  -1.0000  0.5975  0.6308  0.0905  0.5641  0.7103  -1.0000  0.6614  0.7320  0.5761  0.010000
epoch:8 0.6090  0.8996  0.7668  -1.0000  0.5912  0.6289  0.0905  0.5632  0.7079  -1.0000  0.6461  0.7424  0.5630  0.010000
epoch:9 0.6239  0.9112  0.7855  -1.0000  0.6141  0.6378  0.0906  0.5680  0.7159  -1.0000  0.6802  0.7380  0.5259  0.010000
epoch:10 0.6523  0.9222  0.8266  -1.0000  0.6296  0.6753  0.0943  0.5867  0.7343  -1.0000  0.6834  0.7636  0.4498  0.001000
epoch:11 0.6517  0.9249  0.8196  -1.0000  0.6306  0.6758  0.0945  0.5837  0.7319  -1.0000  0.6820  0.7607  0.4346  0.001000
epoch:12 0.6554  0.9267  0.8283  -1.0000  0.6321  0.6782  0.0952  0.5875  0.7347  -1.0000  0.6845  0.7648  0.4288  0.001000
epoch:13 0.6577  0.9267  0.8276  -1.0000  0.6348  0.6795  0.0947  0.5888  0.7363  -1.0000  0.6853  0.7674  0.4238  0.001000
epoch:14 0.6535  0.9241  0.8198  -1.0000  0.6288  0.6797  0.0955  0.5867  0.7320  -1.0000  0.6818  0.7618  0.4217  0.001000
epoch:15 0.6549  0.9282  0.8200  -1.0000  0.6312  0.6795  0.0947  0.5872  0.7344  -1.0000  0.6860  0.7615  0.4180  0.001000
epoch:16 0.6567  0.9297  0.8297  -1.0000  0.6401  0.6771  0.0949  0.5877  0.7333  -1.0000  0.6903  0.7606  0.4136  0.001000
epoch:17 0.6573  0.9321  0.8349  -1.0000  0.6309  0.6815  0.0941  0.5877  0.7329  -1.0000  0.6846  0.7614  0.4110  0.001000
epoch:18 0.6555  0.9308  0.8288  -1.0000  0.6308  0.6785  0.0944  0.5847  0.7310  -1.0000  0.6832  0.7575  0.4102  0.001000
epoch:19 0.6581  0.9284  0.8268  -1.0000  0.6309  0.6829  0.0951  0.5893  0.7315  -1.0000  0.6787  0.7613  0.4040  0.001000
epoch:20 0.6597  0.9317  0.8271  -1.0000  0.6336  0.6847  0.0960  0.5901  0.7338  -1.0000  0.6824  0.7637  0.3997  0.000100
epoch:21 0.6608  0.9321  0.8288  -1.0000  0.6343  0.6860  0.0958  0.5905  0.7348  -1.0000  0.6834  0.7646  0.3978  0.000100
epoch:22 0.6609  0.9320  0.8328  -1.0000  0.6325  0.6869  0.0955  0.5902  0.7335  -1.0000  0.6813  0.7645  0.3965  0.000100
epoch:23 0.6611  0.9290  0.8330  -1.0000  0.6351  0.6873  0.0961  0.5918  0.7342  -1.0000  0.6834  0.7645  0.3968  0.000100
epoch:24 0.6616  0.9289  0.8304  -1.0000  0.6347  0.6880  0.0961  0.5922  0.7348  -1.0000  0.6826  0.7660  0.3973  0.000100
epoch:25 0.6601  0.9287  0.8290  -1.0000  0.6335  0.6862  0.0958  0.5904  0.7340  -1.0000  0.6824  0.7642  0.3953  0.000100
epoch:26 0.6620  0.9323  0.8317  -1.0000  0.6367  0.6868  0.0960  0.5913  0.7350  -1.0000  0.6838  0.7652  0.3956  0.000100
epoch:27 0.6611  0.9289  0.8328  -1.0000  0.6341  0.6887  0.0960  0.5911  0.7344  -1.0000  0.6816  0.7664  0.3941  0.000100
epoch:28 0.6623  0.9321  0.8318  -1.0000  0.6358  0.6887  0.0960  0.5900  0.7354  -1.0000  0.6837  0.7664  0.3938  0.000100
epoch:29 0.6615  0.9322  0.8331  -1.0000  0.6387  0.6881  0.0961  0.5911  0.7357  -1.0000  0.6859  0.7662  0.3947  0.000100
