epoch:0 0.5218  0.8559  0.6065  -1.0000  0.5099  0.5218  0.0828  0.5087  0.6485  -1.0000  0.6050  0.6786  1.0650  0.005000
epoch:1 0.5585  0.8789  0.6701  -1.0000  0.5325  0.5658  0.0858  0.5334  0.6750  -1.0000  0.6458  0.6824  0.7582  0.005000
epoch:2 0.5670  0.9002  0.6672  -1.0000  0.5592  0.5678  0.0854  0.5322  0.6698  -1.0000  0.6286  0.6934  0.6566  0.005000
epoch:3 0.6194  0.9046  0.7777  -1.0000  0.5923  0.6404  0.0931  0.5648  0.7068  -1.0000  0.6563  0.7337  0.6096  0.005000
epoch:4 0.6121  0.8979  0.7679  -1.0000  0.5960  0.6299  0.0903  0.5620  0.7041  -1.0000  0.6639  0.7298  0.5806  0.005000
epoch:5 0.6082  0.8992  0.7552  -1.0000  0.5841  0.6254  0.0915  0.5563  0.6969  -1.0000  0.6551  0.7195  0.5492  0.005000
epoch:6 0.6089  0.8956  0.7634  -1.0000  0.5649  0.6331  0.0918  0.5632  0.7062  -1.0000  0.6446  0.7397  0.5308  0.005000
epoch:7 0.6254  0.9184  0.7901  -1.0000  0.6050  0.6424  0.0904  0.5680  0.7127  -1.0000  0.6693  0.7419  0.5110  0.005000
epoch:8 0.6402  0.9170  0.8082  -1.0000  0.6255  0.6638  0.0933  0.5775  0.7232  -1.0000  0.6835  0.7468  0.4891  0.005000
epoch:9 0.6227  0.9129  0.7812  -1.0000  0.6052  0.6455  0.0905  0.5673  0.7114  -1.0000  0.6765  0.7322  0.4773  0.005000
epoch:10 0.6542  0.9259  0.8210  -1.0000  0.6345  0.6765  0.0938  0.5848  0.7318  -1.0000  0.6871  0.7585  0.4469  0.000500
epoch:11 0.6541  0.9268  0.8299  -1.0000  0.6317  0.6795  0.0939  0.5853  0.7299  -1.0000  0.6856  0.7569  0.4386  0.000500
epoch:12 0.6589  0.9307  0.8297  -1.0000  0.6337  0.6821  0.0946  0.5860  0.7333  -1.0000  0.6834  0.7633  0.4340  0.000500
epoch:13 0.6557  0.9263  0.8255  -1.0000  0.6291  0.6819  0.0944  0.5871  0.7314  -1.0000  0.6781  0.7619  0.4317  0.000500
epoch:14 0.6553  0.9251  0.8236  -1.0000  0.6303  0.6787  0.0936  0.5862  0.7328  -1.0000  0.6792  0.7630  0.4287  0.000500
epoch:15 0.6535  0.9244  0.8195  -1.0000  0.6304  0.6774  0.0939  0.5850  0.7295  -1.0000  0.6805  0.7587  0.4266  0.000500
epoch:16 0.6545  0.9220  0.8264  -1.0000  0.6318  0.6767  0.0938  0.5851  0.7312  -1.0000  0.6833  0.7596  0.4247  0.000500
epoch:17 0.6493  0.9217  0.8170  -1.0000  0.6254  0.6751  0.0931  0.5813  0.7265  -1.0000  0.6741  0.7561  0.4212  0.000500
epoch:18 0.6505  0.9210  0.8181  -1.0000  0.6271  0.6750  0.0935  0.5831  0.7277  -1.0000  0.6755  0.7572  0.4216  0.000500
epoch:19 0.6527  0.9226  0.8186  -1.0000  0.6246  0.6776  0.0937  0.5835  0.7282  -1.0000  0.6742  0.7568  0.4217  0.000500
epoch:20 0.6557  0.9242  0.8228  -1.0000  0.6322  0.6804  0.0937  0.5860  0.7311  -1.0000  0.6816  0.7598  0.4140  0.000050
epoch:21 0.6576  0.9250  0.8254  -1.0000  0.6336  0.6827  0.0938  0.5863  0.7318  -1.0000  0.6841  0.7611  0.4158  0.000050
epoch:22 0.6569  0.9238  0.8247  -1.0000  0.6333  0.6813  0.0935  0.5859  0.7320  -1.0000  0.6848  0.7602  0.4159  0.000050
epoch:23 0.6566  0.9242  0.8253  -1.0000  0.6322  0.6822  0.0938  0.5858  0.7313  -1.0000  0.6819  0.7612  0.4151  0.000050
epoch:24 0.6576  0.9242  0.8230  -1.0000  0.6336  0.6820  0.0940  0.5861  0.7321  -1.0000  0.6847  0.7607  0.4149  0.000050
epoch:25 0.6543  0.9238  0.8230  -1.0000  0.6307  0.6794  0.0936  0.5848  0.7304  -1.0000  0.6800  0.7593  0.4145  0.000050
epoch:26 0.6563  0.9239  0.8245  -1.0000  0.6325  0.6806  0.0938  0.5851  0.7309  -1.0000  0.6836  0.7590  0.4136  0.000050
epoch:27 0.6555  0.9230  0.8232  -1.0000  0.6291  0.6802  0.0941  0.5844  0.7300  -1.0000  0.6789  0.7589  0.4133  0.000050
epoch:28 0.6562  0.9241  0.8236  -1.0000  0.6305  0.6808  0.0940  0.5844  0.7299  -1.0000  0.6797  0.7589  0.4141  0.000050
epoch:29 0.6570  0.9244  0.8251  -1.0000  0.6333  0.6814  0.0940  0.5854  0.7308  -1.0000  0.6818  0.7603  0.4132  0.000050
