epoch:0 0.3321  0.5425  0.3878  -1.0000  0.4064  0.3526  0.0800  0.5128  0.6498  -1.0000  0.6200  0.6565  1.1717  0.010000
epoch:1 0.5220  0.8151  0.6487  -1.0000  0.5202  0.5248  0.0849  0.5281  0.6685  -1.0000  0.6353  0.6822  0.8084  0.010000
epoch:2 0.5839  0.8701  0.7278  -1.0000  0.5668  0.6035  0.0906  0.5575  0.6993  -1.0000  0.6409  0.7333  0.7033  0.010000
epoch:3 0.5498  0.8796  0.6468  -1.0000  0.5371  0.5700  0.0831  0.5343  0.6727  -1.0000  0.6427  0.6887  0.6492  0.010000
epoch:4 0.5963  0.8869  0.7483  -1.0000  0.5952  0.6038  0.0880  0.5582  0.7038  -1.0000  0.6765  0.7213  0.6115  0.010000
epoch:5 0.6120  0.8827  0.7697  -1.0000  0.5954  0.6172  0.0914  0.5721  0.7157  -1.0000  0.6705  0.7396  0.5720  0.010000
epoch:6 0.6140  0.8867  0.7718  -1.0000  0.5916  0.6362  0.0923  0.5685  0.7135  -1.0000  0.6655  0.7396  0.5508  0.010000
epoch:7 0.6129  0.8984  0.7686  -1.0000  0.6041  0.6259  0.0914  0.5724  0.7167  -1.0000  0.6683  0.7403  0.5241  0.010000
epoch:8 0.5947  0.8540  0.7525  -1.0000  0.5386  0.6041  0.0911  0.5654  0.7156  -1.0000  0.6547  0.7447  0.5037  0.010000
epoch:9 0.6206  0.8948  0.7868  -1.0000  0.6132  0.6425  0.0924  0.5713  0.7147  -1.0000  0.6638  0.7455  0.4900  0.010000
epoch:10 0.6481  0.9212  0.8134  -1.0000  0.6301  0.6631  0.0943  0.5848  0.7328  -1.0000  0.6767  0.7629  0.4298  0.001000
epoch:11 0.6510  0.9202  0.8140  -1.0000  0.6287  0.6647  0.0938  0.5875  0.7346  -1.0000  0.6885  0.7567  0.4065  0.001000
epoch:12 0.6520  0.9194  0.8142  -1.0000  0.6312  0.6658  0.0938  0.5885  0.7369  -1.0000  0.6902  0.7606  0.4010  0.001000
epoch:13 0.6582  0.9201  0.8235  -1.0000  0.6309  0.6722  0.0944  0.5903  0.7376  -1.0000  0.6839  0.7647  0.3978  0.001000
epoch:14 0.6521  0.9198  0.8173  -1.0000  0.6295  0.6646  0.0945  0.5871  0.7323  -1.0000  0.6855  0.7561  0.3915  0.001000
epoch:15 0.6618  0.9290  0.8288  -1.0000  0.6372  0.6781  0.0936  0.5909  0.7380  -1.0000  0.6874  0.7643  0.3868  0.001000
epoch:16 0.6593  0.9262  0.8227  -1.0000  0.6332  0.6779  0.0943  0.5903  0.7363  -1.0000  0.6860  0.7633  0.3863  0.001000
epoch:17 0.6588  0.9209  0.8263  -1.0000  0.6228  0.6802  0.0936  0.5903  0.7349  -1.0000  0.6760  0.7658  0.3800  0.001000
epoch:18 0.6552  0.9264  0.8191  -1.0000  0.6276  0.6760  0.0937  0.5881  0.7340  -1.0000  0.6795  0.7624  0.3769  0.001000
epoch:19 0.6611  0.9264  0.8278  -1.0000  0.6311  0.6803  0.0940  0.5887  0.7361  -1.0000  0.6777  0.7644  0.3743  0.001000
epoch:20 0.6575  0.9224  0.8248  -1.0000  0.6281  0.6741  0.0936  0.5881  0.7337  -1.0000  0.6791  0.7609  0.3675  0.000100
epoch:21 0.6581  0.9219  0.8210  -1.0000  0.6271  0.6741  0.0939  0.5890  0.7333  -1.0000  0.6771  0.7603  0.3673  0.000100
epoch:22 0.6581  0.9222  0.8208  -1.0000  0.6304  0.6752  0.0944  0.5906  0.7346  -1.0000  0.6786  0.7632  0.3677  0.000100
epoch:23 0.6590  0.9228  0.8261  -1.0000  0.6307  0.6731  0.0935  0.5893  0.7339  -1.0000  0.6786  0.7604  0.3645  0.000100
epoch:24 0.6607  0.9238  0.8234  -1.0000  0.6304  0.6790  0.0946  0.5903  0.7351  -1.0000  0.6782  0.7632  0.3650  0.000100
epoch:25 0.6596  0.9231  0.8241  -1.0000  0.6309  0.6786  0.0942  0.5899  0.7348  -1.0000  0.6809  0.7632  0.3662  0.000100
epoch:26 0.6582  0.9231  0.8231  -1.0000  0.6310  0.6782  0.0947  0.5899  0.7340  -1.0000  0.6788  0.7630  0.3647  0.000100
epoch:27 0.6607  0.9239  0.8274  -1.0000  0.6335  0.6792  0.0949  0.5903  0.7356  -1.0000  0.6829  0.7631  0.3637  0.000100
epoch:28 0.6614  0.9239  0.8275  -1.0000  0.6317  0.6797  0.0947  0.5899  0.7353  -1.0000  0.6798  0.7634  0.3660  0.000100
epoch:29 0.6592  0.9229  0.8231  -1.0000  0.6272  0.6788  0.0945  0.5900  0.7339  -1.0000  0.6777  0.7627  0.3618  0.000100
