epoch:0 0.2922  0.6270  0.2123  -1.0000  0.3666  0.2366  0.0525  0.3498  0.4893  -1.0000  0.4565  0.4849  1.2083  0.001000
epoch:1 0.4208  0.7716  0.4175  -1.0000  0.4386  0.3835  0.0697  0.4283  0.5804  -1.0000  0.5634  0.5784  0.9672  0.001000
epoch:2 0.4801  0.8344  0.5112  -1.0000  0.4801  0.4645  0.0746  0.4728  0.6090  -1.0000  0.5733  0.6179  0.9471  0.001000
epoch:3 0.5168  0.8582  0.5937  -1.0000  0.5007  0.5146  0.0805  0.5003  0.6387  -1.0000  0.5899  0.6566  0.8784  0.001000
epoch:4 0.5342  0.8728  0.6204  -1.0000  0.5093  0.5421  0.0833  0.5102  0.6452  -1.0000  0.5824  0.6698  0.8229  0.001000
epoch:5 0.5507  0.8807  0.6502  -1.0000  0.5235  0.5626  0.0861  0.5186  0.6555  -1.0000  0.5950  0.6792  0.7871  0.001000
epoch:6 0.5629  0.8837  0.6832  -1.0000  0.5493  0.5706  0.0872  0.5285  0.6709  -1.0000  0.6343  0.6874  0.7507  0.001000
epoch:7 0.5724  0.8887  0.6981  -1.0000  0.5576  0.5847  0.0883  0.5342  0.6767  -1.0000  0.6504  0.6897  0.7237  0.001000
epoch:8 0.5936  0.9027  0.7293  -1.0000  0.5713  0.6111  0.0899  0.5452  0.6848  -1.0000  0.6440  0.7040  0.7005  0.001000
epoch:9 0.5922  0.8986  0.7300  -1.0000  0.5647  0.6153  0.0896  0.5457  0.6884  -1.0000  0.6308  0.7203  0.6829  0.001000
epoch:10 0.6097  0.9077  0.7578  -1.0000  0.5885  0.6271  0.0913  0.5555  0.6987  -1.0000  0.6558  0.7218  0.6505  0.000100
epoch:11 0.6137  0.9088  0.7620  -1.0000  0.5895  0.6334  0.0916  0.5584  0.7012  -1.0000  0.6545  0.7255  0.6407  0.000100
epoch:12 0.6146  0.9093  0.7622  -1.0000  0.5890  0.6336  0.0920  0.5588  0.7008  -1.0000  0.6544  0.7245  0.6378  0.000100
epoch:13 0.6145  0.9114  0.7664  -1.0000  0.5946  0.6313  0.0914  0.5590  0.7009  -1.0000  0.6598  0.7226  0.6367  0.000100
epoch:14 0.6163  0.9106  0.7644  -1.0000  0.5923  0.6344  0.0918  0.5604  0.7028  -1.0000  0.6563  0.7265  0.6388  0.000100
epoch:15 0.6151  0.9111  0.7639  -1.0000  0.5913  0.6348  0.0917  0.5594  0.7000  -1.0000  0.6560  0.7228  0.6331  0.000100
epoch:16 0.6160  0.9113  0.7655  -1.0000  0.5941  0.6353  0.0924  0.5598  0.7019  -1.0000  0.6571  0.7257  0.6321  0.000100
epoch:17 0.6173  0.9112  0.7678  -1.0000  0.5956  0.6379  0.0923  0.5610  0.7030  -1.0000  0.6595  0.7267  0.6307  0.000100
epoch:18 0.6146  0.9121  0.7657  -1.0000  0.5953  0.6335  0.0916  0.5592  0.7008  -1.0000  0.6647  0.7206  0.6280  0.000100
epoch:19 0.6174  0.9131  0.7707  -1.0000  0.5945  0.6370  0.0924  0.5604  0.7033  -1.0000  0.6587  0.7264  0.6280  0.000100
epoch:20 0.6197  0.9122  0.7722  -1.0000  0.5949  0.6395  0.0920  0.5617  0.7037  -1.0000  0.6591  0.7272  0.6239  0.000010
epoch:21 0.6200  0.9123  0.7670  -1.0000  0.5960  0.6399  0.0923  0.5619  0.7037  -1.0000  0.6600  0.7264  0.6238  0.000010
epoch:22 0.6178  0.9115  0.7674  -1.0000  0.5959  0.6375  0.0919  0.5615  0.7031  -1.0000  0.6616  0.7252  0.6234  0.000010
epoch:23 0.6203  0.9127  0.7691  -1.0000  0.5957  0.6408  0.0920  0.5625  0.7041  -1.0000  0.6596  0.7272  0.6213  0.000010
epoch:24 0.6198  0.9125  0.7678  -1.0000  0.5949  0.6399  0.0921  0.5621  0.7038  -1.0000  0.6587  0.7272  0.6239  0.000010
epoch:25 0.6197  0.9137  0.7687  -1.0000  0.5955  0.6392  0.0922  0.5618  0.7041  -1.0000  0.6605  0.7268  0.6228  0.000010
epoch:26 0.6201  0.9122  0.7694  -1.0000  0.5956  0.6410  0.0923  0.5629  0.7047  -1.0000  0.6613  0.7282  0.6213  0.000010
epoch:27 0.6184  0.9148  0.7659  -1.0000  0.5937  0.6382  0.0920  0.5614  0.7034  -1.0000  0.6601  0.7260  0.6244  0.000010
epoch:28 0.6192  0.9129  0.7684  -1.0000  0.5941  0.6395  0.0917  0.5613  0.7033  -1.0000  0.6602  0.7258  0.6213  0.000010
epoch:29 0.6198  0.9143  0.7672  -1.0000  0.5951  0.6400  0.0919  0.5625  0.7036  -1.0000  0.6600  0.7268  0.6204  0.000010
