epoch:0 0.4293  0.7346  0.4666  -1.0000  0.4150  0.4371  0.0763  0.4821  0.6262  -1.0000  0.5849  0.6477  1.0336  0.010000
epoch:1 0.5686  0.8735  0.7056  -1.0000  0.5510  0.5810  0.0858  0.5409  0.6812  -1.0000  0.6385  0.7036  0.7078  0.010000
epoch:2 0.5715  0.8858  0.7088  -1.0000  0.5609  0.5840  0.0870  0.5385  0.6825  -1.0000  0.6451  0.7014  0.6398  0.010000
epoch:3 0.5806  0.8935  0.7104  -1.0000  0.5628  0.6037  0.0861  0.5445  0.6849  -1.0000  0.6434  0.7073  0.5956  0.010000
epoch:4 0.5987  0.9074  0.7470  -1.0000  0.5844  0.6029  0.0872  0.5504  0.6889  -1.0000  0.6599  0.7009  0.5429  0.010000
epoch:5 0.6196  0.9070  0.7875  -1.0000  0.5920  0.6382  0.0906  0.5642  0.7075  -1.0000  0.6712  0.7245  0.5337  0.010000
epoch:6 0.6284  0.9144  0.7988  -1.0000  0.6048  0.6496  0.0916  0.5726  0.7118  -1.0000  0.6597  0.7447  0.5110  0.010000
epoch:7 0.6144  0.8923  0.7872  -1.0000  0.6027  0.6281  0.0904  0.5653  0.7021  -1.0000  0.6678  0.7181  0.5098  0.010000
epoch:8 0.6365  0.9197  0.8147  -1.0000  0.6201  0.6467  0.0916  0.5729  0.7213  -1.0000  0.6775  0.7449  0.4952  0.010000
epoch:9 0.6268  0.9089  0.7868  -1.0000  0.6062  0.6441  0.0934  0.5727  0.7105  -1.0000  0.6587  0.7385  0.4859  0.010000
epoch:10 0.6504  0.9280  0.8230  -1.0000  0.6322  0.6656  0.0934  0.5826  0.7279  -1.0000  0.6862  0.7489  0.4323  0.001000
epoch:11 0.6559  0.9288  0.8289  -1.0000  0.6345  0.6752  0.0948  0.5866  0.7312  -1.0000  0.6845  0.7562  0.4179  0.001000
epoch:12 0.6563  0.9300  0.8294  -1.0000  0.6354  0.6786  0.0953  0.5853  0.7309  -1.0000  0.6838  0.7609  0.4130  0.001000
epoch:13 0.6552  0.9310  0.8311  -1.0000  0.6358  0.6725  0.0946  0.5857  0.7302  -1.0000  0.6887  0.7548  0.4102  0.001000
epoch:14 0.6547  0.9299  0.8285  -1.0000  0.6299  0.6760  0.0942  0.5856  0.7305  -1.0000  0.6831  0.7577  0.4080  0.001000
epoch:15 0.6531  0.9299  0.8251  -1.0000  0.6320  0.6730  0.0930  0.5854  0.7297  -1.0000  0.6842  0.7553  0.4051  0.001000
epoch:16 0.6518  0.9297  0.8250  -1.0000  0.6312  0.6711  0.0933  0.5842  0.7289  -1.0000  0.6871  0.7526  0.4026  0.001000
epoch:17 0.6537  0.9304  0.8266  -1.0000  0.6359  0.6741  0.0945  0.5853  0.7304  -1.0000  0.6869  0.7579  0.4027  0.001000
epoch:18 0.6573  0.9311  0.8318  -1.0000  0.6333  0.6769  0.0950  0.5881  0.7342  -1.0000  0.6891  0.7593  0.3993  0.001000
epoch:19 0.6544  0.9299  0.8206  -1.0000  0.6275  0.6755  0.0944  0.5859  0.7298  -1.0000  0.6819  0.7560  0.3992  0.001000
epoch:20 0.6566  0.9272  0.8315  -1.0000  0.6338  0.6782  0.0950  0.5870  0.7318  -1.0000  0.6872  0.7594  0.3906  0.000100
epoch:21 0.6566  0.9307  0.8281  -1.0000  0.6327  0.6775  0.0949  0.5869  0.7319  -1.0000  0.6862  0.7598  0.3905  0.000100
epoch:22 0.6556  0.9271  0.8269  -1.0000  0.6329  0.6777  0.0948  0.5867  0.7316  -1.0000  0.6854  0.7598  0.3900  0.000100
epoch:23 0.6585  0.9313  0.8328  -1.0000  0.6359  0.6789  0.0952  0.5881  0.7338  -1.0000  0.6887  0.7615  0.3904  0.000100
epoch:24 0.6564  0.9271  0.8298  -1.0000  0.6343  0.6769  0.0949  0.5868  0.7314  -1.0000  0.6864  0.7582  0.3895  0.000100
epoch:25 0.6565  0.9278  0.8278  -1.0000  0.6344  0.6786  0.0952  0.5871  0.7319  -1.0000  0.6854  0.7598  0.3894  0.000100
epoch:26 0.6592  0.9316  0.8367  -1.0000  0.6352  0.6800  0.0949  0.5879  0.7333  -1.0000  0.6873  0.7610  0.3891  0.000100
epoch:27 0.6574  0.9312  0.8279  -1.0000  0.6359  0.6783  0.0948  0.5871  0.7321  -1.0000  0.6867  0.7600  0.3877  0.000100
epoch:28 0.6564  0.9275  0.8285  -1.0000  0.6348  0.6781  0.0946  0.5872  0.7311  -1.0000  0.6852  0.7588  0.3886  0.000100
epoch:29 0.6572  0.9281  0.8270  -1.0000  0.6345  0.6800  0.0948  0.5872  0.7323  -1.0000  0.6871  0.7603  0.3897  0.000100
