epoch:0 0.1597  0.4406  0.0645  -1.0000  0.1630  0.1368  0.0339  0.2173  0.3535  -1.0000  0.3904  0.3047  1.3133  0.000100
epoch:1 0.3054  0.6433  0.2270  -1.0000  0.3215  0.2509  0.0506  0.3433  0.4734  -1.0000  0.4637  0.4422  0.8840  0.000100
epoch:2 0.3550  0.6948  0.3071  -1.0000  0.3606  0.3010  0.0542  0.3797  0.5204  -1.0000  0.5174  0.4754  0.8209  0.000100
epoch:3 0.3896  0.7431  0.3526  -1.0000  0.3867  0.3349  0.0640  0.4036  0.5354  -1.0000  0.5338  0.4947  0.8471  0.000100
epoch:4 0.4389  0.7762  0.4584  -1.0000  0.4541  0.3758  0.0666  0.4390  0.5772  -1.0000  0.5752  0.5313  0.8969  0.000100
epoch:5 0.4577  0.7879  0.5048  -1.0000  0.4731  0.4056  0.0696  0.4482  0.5825  -1.0000  0.5705  0.5493  0.8702  0.000100
epoch:6 0.4636  0.8106  0.4988  -1.0000  0.4702  0.4112  0.0698  0.4586  0.5947  -1.0000  0.5400  0.5899  0.8364  0.000100
epoch:7 0.4838  0.8271  0.5311  -1.0000  0.4834  0.4381  0.0738  0.4759  0.6079  -1.0000  0.5407  0.6088  0.8167  0.000100
epoch:8 0.4980  0.8395  0.5549  -1.0000  0.4913  0.4657  0.0746  0.4830  0.6214  -1.0000  0.5485  0.6250  0.8057  0.000100
epoch:9 0.5192  0.8466  0.6045  -1.0000  0.5295  0.4809  0.0789  0.4969  0.6379  -1.0000  0.6010  0.6325  0.7892  0.000100
epoch:10 0.5332  0.8514  0.6262  -1.0000  0.5314  0.4987  0.0814  0.5093  0.6524  -1.0000  0.5998  0.6477  0.7731  0.000010
epoch:11 0.5291  0.8492  0.6240  -1.0000  0.5339  0.4953  0.0813  0.5062  0.6501  -1.0000  0.6101  0.6404  0.7700  0.000010
epoch:12 0.5282  0.8470  0.6155  -1.0000  0.5306  0.4906  0.0808  0.5045  0.6494  -1.0000  0.6020  0.6443  0.7675  0.000010
epoch:13 0.5336  0.8533  0.6249  -1.0000  0.5366  0.5018  0.0813  0.5060  0.6518  -1.0000  0.6121  0.6411  0.7673  0.000010
epoch:14 0.5360  0.8528  0.6275  -1.0000  0.5373  0.5041  0.0814  0.5109  0.6556  -1.0000  0.6082  0.6513  0.7648  0.000010
epoch:15 0.5268  0.8454  0.6122  -1.0000  0.5317  0.4898  0.0803  0.5029  0.6467  -1.0000  0.6025  0.6382  0.7660  0.000010
epoch:16 0.5358  0.8546  0.6311  -1.0000  0.5403  0.5017  0.0814  0.5080  0.6538  -1.0000  0.6117  0.6467  0.7674  0.000010
epoch:17 0.5355  0.8519  0.6288  -1.0000  0.5370  0.5032  0.0815  0.5105  0.6554  -1.0000  0.6092  0.6484  0.7634  0.000010
epoch:18 0.5438  0.8605  0.6442  -1.0000  0.5437  0.5145  0.0817  0.5155  0.6589  -1.0000  0.6120  0.6541  0.7611  0.000010
epoch:19 0.5408  0.8549  0.6425  -1.0000  0.5405  0.5106  0.0816  0.5098  0.6550  -1.0000  0.6084  0.6517  0.7631  0.000010
epoch:20 0.5364  0.8507  0.6310  -1.0000  0.5375  0.5064  0.0813  0.5082  0.6527  -1.0000  0.6057  0.6504  0.7596  0.000001
epoch:21 0.5405  0.8582  0.6395  -1.0000  0.5387  0.5123  0.0820  0.5136  0.6575  -1.0000  0.6068  0.6549  0.7592  0.000001
epoch:22 0.5389  0.8540  0.6417  -1.0000  0.5326  0.5103  0.0819  0.5097  0.6549  -1.0000  0.6039  0.6506  0.7601  0.000001
epoch:23 0.5378  0.8511  0.6340  -1.0000  0.5390  0.5067  0.0818  0.5095  0.6540  -1.0000  0.6091  0.6470  0.7595  0.000001
epoch:24 0.5389  0.8531  0.6376  -1.0000  0.5386  0.5093  0.0815  0.5085  0.6569  -1.0000  0.6122  0.6500  0.7570  0.000001
epoch:25 0.5390  0.8533  0.6384  -1.0000  0.5391  0.5082  0.0825  0.5093  0.6552  -1.0000  0.6122  0.6472  0.7583  0.000001
epoch:26 0.5435  0.8603  0.6381  -1.0000  0.5460  0.5132  0.0821  0.5125  0.6592  -1.0000  0.6149  0.6540  0.7599  0.000001
epoch:27 0.5399  0.8541  0.6393  -1.0000  0.5433  0.5074  0.0814  0.5091  0.6547  -1.0000  0.6117  0.6472  0.7609  0.000001
epoch:28 0.5387  0.8561  0.6346  -1.0000  0.5408  0.5087  0.0823  0.5103  0.6567  -1.0000  0.6109  0.6509  0.7597  0.000001
epoch:29 0.5410  0.8546  0.6386  -1.0000  0.5418  0.5106  0.0822  0.5116  0.6584  -1.0000  0.6126  0.6517  0.7572  0.000001
