epoch:0 0.4168  0.7020  0.4765  -1.0000  0.4340  0.3919  0.0731  0.4537  0.5897  -1.0000  0.5422  0.6094  1.0970  0.010000
epoch:1 0.5518  0.8933  0.6632  -1.0000  0.5576  0.5556  0.0845  0.5231  0.6628  -1.0000  0.6412  0.6672  0.7645  0.010000
epoch:2 0.6146  0.9112  0.7688  -1.0000  0.6014  0.6232  0.0903  0.5611  0.7065  -1.0000  0.6715  0.7278  0.6549  0.010000
epoch:3 0.5905  0.9009  0.7467  -1.0000  0.5772  0.6007  0.0866  0.5493  0.6923  -1.0000  0.6454  0.7193  0.6048  0.010000
epoch:4 0.6045  0.9196  0.7361  -1.0000  0.5829  0.6192  0.0885  0.5547  0.6939  -1.0000  0.6691  0.7066  0.5747  0.010000
epoch:5 0.6203  0.9128  0.7738  -1.0000  0.6094  0.6236  0.0909  0.5672  0.7150  -1.0000  0.6696  0.7380  0.5419  0.010000
epoch:6 0.6367  0.9336  0.8054  -1.0000  0.6265  0.6477  0.0909  0.5711  0.7187  -1.0000  0.6899  0.7315  0.5278  0.010000
epoch:7 0.6404  0.9251  0.8072  -1.0000  0.6261  0.6598  0.0914  0.5758  0.7219  -1.0000  0.6850  0.7430  0.5055  0.010000
epoch:8 0.6422  0.9266  0.8080  -1.0000  0.6240  0.6592  0.0925  0.5788  0.7219  -1.0000  0.6814  0.7473  0.4927  0.010000
epoch:9 0.6500  0.9320  0.8159  -1.0000  0.6250  0.6718  0.0929  0.5795  0.7269  -1.0000  0.6813  0.7491  0.4795  0.010000
epoch:10 0.6622  0.9424  0.8366  -1.0000  0.6452  0.6775  0.0943  0.5883  0.7372  -1.0000  0.7009  0.7572  0.4402  0.001000
epoch:11 0.6612  0.9373  0.8366  -1.0000  0.6403  0.6807  0.0948  0.5892  0.7365  -1.0000  0.6923  0.7591  0.4320  0.001000
epoch:12 0.6643  0.9422  0.8414  -1.0000  0.6418  0.6858  0.0952  0.5898  0.7382  -1.0000  0.6930  0.7626  0.4272  0.001000
epoch:13 0.6642  0.9426  0.8349  -1.0000  0.6437  0.6824  0.0950  0.5896  0.7384  -1.0000  0.6993  0.7589  0.4288  0.001000
epoch:14 0.6643  0.9386  0.8396  -1.0000  0.6450  0.6843  0.0951  0.5903  0.7372  -1.0000  0.6984  0.7596  0.4282  0.001000
epoch:15 0.6646  0.9388  0.8360  -1.0000  0.6453  0.6840  0.0947  0.5906  0.7389  -1.0000  0.6969  0.7619  0.4245  0.001000
epoch:16 0.6633  0.9392  0.8353  -1.0000  0.6398  0.6845  0.0947  0.5901  0.7371  -1.0000  0.6952  0.7596  0.4239  0.001000
epoch:17 0.6651  0.9390  0.8405  -1.0000  0.6425  0.6848  0.0951  0.5901  0.7386  -1.0000  0.6968  0.7608  0.4209  0.001000
epoch:18 0.6588  0.9385  0.8297  -1.0000  0.6377  0.6767  0.0948  0.5874  0.7338  -1.0000  0.6940  0.7538  0.4186  0.001000
epoch:19 0.6640  0.9391  0.8401  -1.0000  0.6468  0.6831  0.0945  0.5898  0.7377  -1.0000  0.6975  0.7613  0.4183  0.001000
epoch:20 0.6645  0.9425  0.8400  -1.0000  0.6454  0.6837  0.0950  0.5910  0.7385  -1.0000  0.6985  0.7608  0.4164  0.000100
epoch:21 0.6641  0.9424  0.8401  -1.0000  0.6438  0.6836  0.0950  0.5905  0.7378  -1.0000  0.6967  0.7606  0.4143  0.000100
epoch:22 0.6646  0.9389  0.8411  -1.0000  0.6455  0.6847  0.0946  0.5904  0.7380  -1.0000  0.6973  0.7608  0.4120  0.000100
epoch:23 0.6645  0.9389  0.8420  -1.0000  0.6439  0.6844  0.0948  0.5907  0.7375  -1.0000  0.6964  0.7598  0.4142  0.000100
epoch:24 0.6639  0.9390  0.8394  -1.0000  0.6443  0.6834  0.0949  0.5906  0.7382  -1.0000  0.6973  0.7608  0.4129  0.000100
epoch:25 0.6623  0.9389  0.8364  -1.0000  0.6440  0.6813  0.0947  0.5903  0.7371  -1.0000  0.6970  0.7588  0.4137  0.000100
epoch:26 0.6635  0.9388  0.8396  -1.0000  0.6440  0.6839  0.0950  0.5910  0.7378  -1.0000  0.6965  0.7609  0.4157  0.000100
epoch:27 0.6636  0.9389  0.8395  -1.0000  0.6445  0.6828  0.0947  0.5908  0.7378  -1.0000  0.6978  0.7602  0.4141  0.000100
epoch:28 0.6641  0.9417  0.8399  -1.0000  0.6460  0.6833  0.0949  0.5913  0.7383  -1.0000  0.6987  0.7603  0.4125  0.000100
epoch:29 0.6635  0.9420  0.8396  -1.0000  0.6447  0.6832  0.0949  0.5909  0.7374  -1.0000  0.6971  0.7602  0.4129  0.000100
epoch:30 0.6635  0.9387  0.8387  -1.0000  0.6428  0.6830  0.0951  0.5910  0.7376  -1.0000  0.6955  0.7608  0.4117  0.000010
epoch:31 0.6638  0.9388  0.8394  -1.0000  0.6447  0.6836  0.0950  0.5911  0.7380  -1.0000  0.6972  0.7607  0.4121  0.000010
epoch:32 0.6640  0.9421  0.8390  -1.0000  0.6440  0.6842  0.0951  0.5914  0.7383  -1.0000  0.6974  0.7616  0.4131  0.000010
epoch:33 0.6639  0.9388  0.8384  -1.0000  0.6444  0.6836  0.0949  0.5906  0.7375  -1.0000  0.6970  0.7601  0.4129  0.000010
epoch:34 0.6640  0.9386  0.8391  -1.0000  0.6457  0.6836  0.0949  0.5910  0.7381  -1.0000  0.6980  0.7607  0.4139  0.000010
epoch:35 0.6636  0.9389  0.8360  -1.0000  0.6449  0.6839  0.0952  0.5914  0.7380  -1.0000  0.6970  0.7610  0.4111  0.000010
epoch:36 0.6641  0.9389  0.8367  -1.0000  0.6452  0.6840  0.0950  0.5909  0.7377  -1.0000  0.6974  0.7607  0.4136  0.000010
epoch:37 0.6641  0.9387  0.8393  -1.0000  0.6448  0.6835  0.0947  0.5911  0.7377  -1.0000  0.6973  0.7607  0.4119  0.000010
epoch:38 0.6638  0.9386  0.8387  -1.0000  0.6433  0.6836  0.0952  0.5913  0.7380  -1.0000  0.6955  0.7614  0.4120  0.000010
epoch:39 0.6642  0.9421  0.8394  -1.0000  0.6455  0.6834  0.0949  0.5910  0.7381  -1.0000  0.6982  0.7606  0.4127  0.000010
epoch:40 0.6641  0.9389  0.8392  -1.0000  0.6441  0.6846  0.0950  0.5910  0.7378  -1.0000  0.6965  0.7607  0.4119  0.000001
epoch:41 0.6632  0.9388  0.8359  -1.0000  0.6438  0.6831  0.0950  0.5910  0.7373  -1.0000  0.6963  0.7603  0.4126  0.000001
epoch:42 0.6637  0.9385  0.8350  -1.0000  0.6438  0.6839  0.0950  0.5907  0.7375  -1.0000  0.6962  0.7606  0.4131  0.000001
epoch:43 0.6634  0.9389  0.8387  -1.0000  0.6440  0.6831  0.0948  0.5909  0.7373  -1.0000  0.6957  0.7603  0.4114  0.000001
epoch:44 0.6631  0.9387  0.8360  -1.0000  0.6445  0.6828  0.0948  0.5910  0.7375  -1.0000  0.6964  0.7604  0.4127  0.000001
epoch:45 0.6633  0.9387  0.8349  -1.0000  0.6435  0.6835  0.0950  0.5907  0.7375  -1.0000  0.6954  0.7607  0.4126  0.000001
epoch:46 0.6633  0.9389  0.8359  -1.0000  0.6445  0.6835  0.0949  0.5912  0.7379  -1.0000  0.6969  0.7611  0.4147  0.000001
epoch:47 0.6630  0.9387  0.8356  -1.0000  0.6436  0.6832  0.0949  0.5909  0.7373  -1.0000  0.6963  0.7603  0.4124  0.000001
epoch:48 0.6631  0.9388  0.8358  -1.0000  0.6446  0.6830  0.0951  0.5909  0.7377  -1.0000  0.6973  0.7602  0.4117  0.000001
epoch:49 0.6639  0.9388  0.8362  -1.0000  0.6443  0.6840  0.0950  0.5912  0.7379  -1.0000  0.6972  0.7609  0.4114  0.000001
epoch:50 0.6637  0.9386  0.8390  -1.0000  0.6438  0.6832  0.0951  0.5911  0.7375  -1.0000  0.6963  0.7605  0.4119  0.000000
epoch:51 0.6638  0.9388  0.8353  -1.0000  0.6444  0.6844  0.0951  0.5914  0.7380  -1.0000  0.6970  0.7612  0.4116  0.000000
epoch:52 0.6638  0.9388  0.8400  -1.0000  0.6443  0.6838  0.0950  0.5912  0.7380  -1.0000  0.6972  0.7609  0.4118  0.000000
epoch:53 0.6631  0.9388  0.8395  -1.0000  0.6443  0.6831  0.0951  0.5909  0.7375  -1.0000  0.6965  0.7603  0.4134  0.000000
epoch:54 0.6641  0.9388  0.8398  -1.0000  0.6445  0.6848  0.0951  0.5915  0.7378  -1.0000  0.6968  0.7612  0.4101  0.000000
epoch:55 0.6633  0.9389  0.8363  -1.0000  0.6450  0.6838  0.0948  0.5910  0.7376  -1.0000  0.6966  0.7605  0.4114  0.000000
epoch:56 0.6637  0.9419  0.8385  -1.0000  0.6461  0.6834  0.0950  0.5909  0.7376  -1.0000  0.6982  0.7602  0.4128  0.000000
epoch:57 0.6637  0.9389  0.8389  -1.0000  0.6441  0.6832  0.0951  0.5911  0.7378  -1.0000  0.6971  0.7605  0.4107  0.000000
epoch:58 0.6634  0.9389  0.8360  -1.0000  0.6444  0.6834  0.0951  0.5911  0.7380  -1.0000  0.6967  0.7608  0.4107  0.000000
epoch:59 0.6638  0.9389  0.8361  -1.0000  0.6437  0.6840  0.0950  0.5909  0.7378  -1.0000  0.6957  0.7609  0.4116  0.000000
epoch:60 0.6637  0.9389  0.8364  -1.0000  0.6444  0.6837  0.0950  0.5914  0.7378  -1.0000  0.6966  0.7607  0.4119  0.000000
epoch:61 0.6638  0.9390  0.8395  -1.0000  0.6449  0.6836  0.0949  0.5910  0.7379  -1.0000  0.6973  0.7604  0.4110  0.000000
epoch:62 0.6635  0.9421  0.8357  -1.0000  0.6452  0.6837  0.0950  0.5912  0.7377  -1.0000  0.6976  0.7608  0.4102  0.000000
epoch:63 0.6637  0.9389  0.8363  -1.0000  0.6437  0.6848  0.0950  0.5912  0.7378  -1.0000  0.6958  0.7610  0.4128  0.000000
epoch:64 0.6633  0.9388  0.8353  -1.0000  0.6437  0.6833  0.0949  0.5909  0.7376  -1.0000  0.6962  0.7606  0.4120  0.000000
epoch:65 0.6639  0.9385  0.8382  -1.0000  0.6447  0.6838  0.0951  0.5911  0.7379  -1.0000  0.6963  0.7610  0.4100  0.000000
epoch:66 0.6644  0.9420  0.8359  -1.0000  0.6453  0.6832  0.0951  0.5912  0.7382  -1.0000  0.6981  0.7612  0.4125  0.000000
epoch:67 0.6632  0.9389  0.8361  -1.0000  0.6437  0.6838  0.0951  0.5906  0.7374  -1.0000  0.6957  0.7606  0.4111  0.000000
epoch:68 0.6635  0.9389  0.8359  -1.0000  0.6446  0.6836  0.0949  0.5907  0.7376  -1.0000  0.6968  0.7602  0.4120  0.000000
epoch:69 0.6634  0.9389  0.8363  -1.0000  0.6442  0.6837  0.0950  0.5911  0.7376  -1.0000  0.6960  0.7606  0.4110  0.000000
epoch:70 0.6636  0.9386  0.8383  -1.0000  0.6439  0.6838  0.0949  0.5909  0.7377  -1.0000  0.6966  0.7606  0.4115  0.000000
epoch:71 0.6637  0.9387  0.8358  -1.0000  0.6444  0.6839  0.0950  0.5912  0.7379  -1.0000  0.6971  0.7605  0.4124  0.000000
epoch:72 0.6637  0.9386  0.8385  -1.0000  0.6441  0.6833  0.0950  0.5907  0.7376  -1.0000  0.6960  0.7603  0.4122  0.000000
epoch:73 0.6637  0.9388  0.8397  -1.0000  0.6447  0.6837  0.0949  0.5905  0.7375  -1.0000  0.6965  0.7602  0.4115  0.000000
epoch:74 0.6633  0.9387  0.8357  -1.0000  0.6441  0.6836  0.0951  0.5911  0.7379  -1.0000  0.6968  0.7607  0.4118  0.000000
epoch:75 0.6634  0.9422  0.8360  -1.0000  0.6445  0.6829  0.0949  0.5906  0.7376  -1.0000  0.6969  0.7604  0.4122  0.000000
epoch:76 0.6638  0.9388  0.8392  -1.0000  0.6452  0.6834  0.0949  0.5907  0.7374  -1.0000  0.6962  0.7601  0.4133  0.000000
epoch:77 0.6637  0.9388  0.8390  -1.0000  0.6446  0.6838  0.0950  0.5908  0.7378  -1.0000  0.6965  0.7606  0.4115  0.000000
epoch:78 0.6630  0.9388  0.8362  -1.0000  0.6444  0.6835  0.0950  0.5911  0.7376  -1.0000  0.6969  0.7604  0.4126  0.000000
epoch:79 0.6632  0.9389  0.8361  -1.0000  0.6439  0.6837  0.0948  0.5909  0.7375  -1.0000  0.6961  0.7603  0.4121  0.000000
epoch:80 0.6631  0.9390  0.8362  -1.0000  0.6446  0.6838  0.0951  0.5911  0.7377  -1.0000  0.6969  0.7604  0.4119  0.000000
epoch:81 0.6634  0.9384  0.8383  -1.0000  0.6443  0.6820  0.0949  0.5903  0.7373  -1.0000  0.6970  0.7595  0.4129  0.000000
epoch:82 0.6631  0.9389  0.8392  -1.0000  0.6449  0.6834  0.0948  0.5910  0.7373  -1.0000  0.6967  0.7603  0.4118  0.000000
epoch:83 0.6637  0.9388  0.8358  -1.0000  0.6444  0.6835  0.0949  0.5907  0.7376  -1.0000  0.6963  0.7606  0.4116  0.000000
epoch:84 0.6631  0.9389  0.8356  -1.0000  0.6443  0.6836  0.0950  0.5909  0.7375  -1.0000  0.6964  0.7603  0.4121  0.000000
epoch:85 0.6637  0.9389  0.8363  -1.0000  0.6436  0.6840  0.0949  0.5910  0.7374  -1.0000  0.6964  0.7605  0.4133  0.000000
epoch:86 0.6638  0.9388  0.8359  -1.0000  0.6445  0.6833  0.0950  0.5910  0.7378  -1.0000  0.6969  0.7607  0.4126  0.000000
epoch:87 0.6643  0.9422  0.8389  -1.0000  0.6453  0.6839  0.0949  0.5913  0.7379  -1.0000  0.6980  0.7604  0.4127  0.000000
epoch:88 0.6638  0.9387  0.8386  -1.0000  0.6449  0.6838  0.0949  0.5913  0.7377  -1.0000  0.6964  0.7609  0.4129  0.000000
epoch:89 0.6635  0.9386  0.8358  -1.0000  0.6444  0.6831  0.0949  0.5907  0.7378  -1.0000  0.6969  0.7606  0.4123  0.000000
epoch:90 0.6641  0.9422  0.8367  -1.0000  0.6454  0.6838  0.0949  0.5909  0.7377  -1.0000  0.6975  0.7606  0.4109  0.000000
epoch:91 0.6639  0.9387  0.8359  -1.0000  0.6454  0.6841  0.0950  0.5914  0.7384  -1.0000  0.6977  0.7611  0.4126  0.000000
epoch:92 0.6639  0.9389  0.8391  -1.0000  0.6446  0.6838  0.0950  0.5910  0.7379  -1.0000  0.6970  0.7609  0.4126  0.000000
epoch:93 0.6636  0.9385  0.8353  -1.0000  0.6438  0.6831  0.0949  0.5907  0.7377  -1.0000  0.6965  0.7606  0.4113  0.000000
epoch:94 0.6643  0.9420  0.8391  -1.0000  0.6455  0.6838  0.0950  0.5915  0.7382  -1.0000  0.6975  0.7612  0.4123  0.000000
epoch:95 0.6635  0.9388  0.8355  -1.0000  0.6439  0.6832  0.0949  0.5910  0.7374  -1.0000  0.6961  0.7603  0.4121  0.000000
epoch:96 0.6635  0.9421  0.8358  -1.0000  0.6459  0.6834  0.0951  0.5912  0.7378  -1.0000  0.6982  0.7604  0.4122  0.000000
epoch:97 0.6632  0.9388  0.8388  -1.0000  0.6444  0.6834  0.0948  0.5907  0.7374  -1.0000  0.6966  0.7600  0.4127  0.000000
epoch:98 0.6635  0.9387  0.8355  -1.0000  0.6445  0.6829  0.0951  0.5906  0.7376  -1.0000  0.6965  0.7602  0.4124  0.000000
epoch:99 0.6638  0.9390  0.8385  -1.0000  0.6433  0.6841  0.0951  0.5913  0.7377  -1.0000  0.6960  0.7611  0.4135  0.000000
epoch:100 0.6637  0.9387  0.8395  -1.0000  0.6441  0.6837  0.0952  0.5910  0.7381  -1.0000  0.6970  0.7608  0.4130  0.000000
epoch:101 0.6630  0.9386  0.8355  -1.0000  0.6445  0.6829  0.0951  0.5908  0.7376  -1.0000  0.6969  0.7606  0.4116  0.000000
epoch:102 0.6636  0.9386  0.8354  -1.0000  0.6440  0.6833  0.0948  0.5906  0.7376  -1.0000  0.6963  0.7606  0.4124  0.000000
epoch:103 0.6641  0.9388  0.8358  -1.0000  0.6440  0.6844  0.0951  0.5914  0.7380  -1.0000  0.6963  0.7613  0.4119  0.000000
epoch:104 0.6636  0.9388  0.8355  -1.0000  0.6445  0.6834  0.0949  0.5908  0.7376  -1.0000  0.6967  0.7605  0.4119  0.000000
epoch:105 0.6638  0.9389  0.8354  -1.0000  0.6443  0.6835  0.0949  0.5910  0.7377  -1.0000  0.6966  0.7603  0.4105  0.000000
epoch:106 0.6634  0.9389  0.8362  -1.0000  0.6445  0.6834  0.0949  0.5910  0.7377  -1.0000  0.6968  0.7605  0.4125  0.000000
epoch:107 0.6642  0.9420  0.8356  -1.0000  0.6461  0.6838  0.0950  0.5915  0.7381  -1.0000  0.6987  0.7606  0.4110  0.000000
epoch:108 0.6635  0.9387  0.8392  -1.0000  0.6450  0.6832  0.0950  0.5909  0.7376  -1.0000  0.6965  0.7602  0.4133  0.000000
epoch:109 0.6637  0.9389  0.8359  -1.0000  0.6439  0.6838  0.0950  0.5907  0.7375  -1.0000  0.6952  0.7607  0.4110  0.000000
epoch:110 0.6637  0.9388  0.8357  -1.0000  0.6451  0.6834  0.0951  0.5910  0.7380  -1.0000  0.6971  0.7609  0.4123  0.000000
epoch:111 0.6638  0.9389  0.8367  -1.0000  0.6455  0.6835  0.0950  0.5910  0.7375  -1.0000  0.6976  0.7603  0.4114  0.000000
epoch:112 0.6632  0.9388  0.8366  -1.0000  0.6447  0.6832  0.0949  0.5909  0.7373  -1.0000  0.6963  0.7600  0.4121  0.000000
epoch:113 0.6640  0.9388  0.8391  -1.0000  0.6441  0.6842  0.0951  0.5909  0.7381  -1.0000  0.6966  0.7612  0.4125  0.000000
epoch:114 0.6637  0.9387  0.8353  -1.0000  0.6447  0.6838  0.0950  0.5908  0.7377  -1.0000  0.6969  0.7603  0.4127  0.000000
epoch:115 0.6644  0.9421  0.8389  -1.0000  0.6456  0.6835  0.0949  0.5912  0.7378  -1.0000  0.6979  0.7603  0.4115  0.000000
epoch:116 0.6636  0.9389  0.8361  -1.0000  0.6438  0.6841  0.0950  0.5906  0.7373  -1.0000  0.6956  0.7606  0.4125  0.000000
epoch:117 0.6631  0.9386  0.8356  -1.0000  0.6452  0.6829  0.0948  0.5908  0.7374  -1.0000  0.6971  0.7603  0.4132  0.000000
epoch:118 0.6641  0.9419  0.8386  -1.0000  0.6454  0.6828  0.0951  0.5913  0.7379  -1.0000  0.6979  0.7604  0.4135  0.000000
epoch:119 0.6640  0.9389  0.8395  -1.0000  0.6448  0.6835  0.0949  0.5910  0.7379  -1.0000  0.6971  0.7607  0.4128  0.000000
epoch:120 0.6637  0.9390  0.8391  -1.0000  0.6434  0.6838  0.0950  0.5908  0.7375  -1.0000  0.6951  0.7607  0.4118  0.000000
epoch:121 0.6632  0.9389  0.8362  -1.0000  0.6440  0.6839  0.0950  0.5912  0.7377  -1.0000  0.6963  0.7610  0.4130  0.000000
epoch:122 0.6643  0.9387  0.8359  -1.0000  0.6443  0.6840  0.0950  0.5913  0.7380  -1.0000  0.6967  0.7612  0.4127  0.000000
epoch:123 0.6646  0.9422  0.8388  -1.0000  0.6458  0.6834  0.0950  0.5916  0.7381  -1.0000  0.6986  0.7604  0.4119  0.000000
epoch:124 0.6631  0.9389  0.8364  -1.0000  0.6439  0.6832  0.0950  0.5909  0.7375  -1.0000  0.6958  0.7606  0.4128  0.000000
epoch:125 0.6637  0.9387  0.8395  -1.0000  0.6445  0.6830  0.0949  0.5912  0.7376  -1.0000  0.6963  0.7608  0.4100  0.000000
epoch:126 0.6641  0.9422  0.8399  -1.0000  0.6452  0.6837  0.0950  0.5915  0.7380  -1.0000  0.6984  0.7605  0.4118  0.000000
epoch:127 0.6636  0.9387  0.8360  -1.0000  0.6448  0.6835  0.0949  0.5910  0.7378  -1.0000  0.6968  0.7606  0.4118  0.000000
epoch:128 0.6638  0.9388  0.8352  -1.0000  0.6444  0.6838  0.0950  0.5909  0.7379  -1.0000  0.6967  0.7607  0.4130  0.000000
epoch:129 0.6640  0.9422  0.8401  -1.0000  0.6458  0.6842  0.0950  0.5911  0.7378  -1.0000  0.6982  0.7605  0.4096  0.000000
epoch:130 0.6635  0.9388  0.8356  -1.0000  0.6445  0.6832  0.0950  0.5909  0.7376  -1.0000  0.6965  0.7604  0.4119  0.000000
epoch:131 0.6636  0.9387  0.8353  -1.0000  0.6447  0.6830  0.0948  0.5911  0.7378  -1.0000  0.6968  0.7605  0.4119  0.000000
epoch:132 0.6636  0.9388  0.8366  -1.0000  0.6458  0.6835  0.0950  0.5910  0.7379  -1.0000  0.6981  0.7608  0.4108  0.000000
epoch:133 0.6635  0.9386  0.8357  -1.0000  0.6442  0.6837  0.0948  0.5911  0.7376  -1.0000  0.6962  0.7607  0.4124  0.000000
epoch:134 0.6638  0.9386  0.8388  -1.0000  0.6445  0.6831  0.0950  0.5909  0.7380  -1.0000  0.6969  0.7608  0.4108  0.000000
epoch:135 0.6639  0.9389  0.8391  -1.0000  0.6448  0.6837  0.0949  0.5913  0.7379  -1.0000  0.6972  0.7610  0.4127  0.000000
epoch:136 0.6639  0.9389  0.8355  -1.0000  0.6438  0.6839  0.0948  0.5906  0.7373  -1.0000  0.6962  0.7604  0.4116  0.000000
epoch:137 0.6624  0.9385  0.8355  -1.0000  0.6451  0.6827  0.0950  0.5911  0.7376  -1.0000  0.6966  0.7605  0.4105  0.000000
epoch:138 0.6639  0.9388  0.8388  -1.0000  0.6444  0.6834  0.0950  0.5908  0.7377  -1.0000  0.6969  0.7605  0.4127  0.000000
epoch:139 0.6636  0.9388  0.8356  -1.0000  0.6446  0.6835  0.0950  0.5910  0.7375  -1.0000  0.6965  0.7606  0.4123  0.000000
epoch:140 0.6633  0.9387  0.8356  -1.0000  0.6443  0.6838  0.0952  0.5913  0.7381  -1.0000  0.6974  0.7610  0.4124  0.000000
epoch:141 0.6636  0.9386  0.8356  -1.0000  0.6447  0.6836  0.0950  0.5911  0.7378  -1.0000  0.6972  0.7606  0.4126  0.000000
epoch:142 0.6634  0.9388  0.8361  -1.0000  0.6436  0.6837  0.0949  0.5909  0.7374  -1.0000  0.6957  0.7607  0.4119  0.000000
epoch:143 0.6634  0.9387  0.8362  -1.0000  0.6443  0.6836  0.0950  0.5909  0.7376  -1.0000  0.6961  0.7608  0.4126  0.000000
epoch:144 0.6636  0.9389  0.8360  -1.0000  0.6445  0.6837  0.0950  0.5912  0.7376  -1.0000  0.6962  0.7606  0.4138  0.000000
epoch:145 0.6641  0.9386  0.8386  -1.0000  0.6444  0.6831  0.0950  0.5910  0.7377  -1.0000  0.6972  0.7608  0.4136  0.000000
epoch:146 0.6632  0.9386  0.8359  -1.0000  0.6444  0.6831  0.0951  0.5910  0.7376  -1.0000  0.6963  0.7608  0.4125  0.000000
epoch:147 0.6642  0.9387  0.8358  -1.0000  0.6443  0.6844  0.0950  0.5912  0.7379  -1.0000  0.6962  0.7609  0.4118  0.000000
epoch:148 0.6635  0.9386  0.8358  -1.0000  0.6433  0.6832  0.0950  0.5906  0.7376  -1.0000  0.6954  0.7609  0.4119  0.000000
epoch:149 0.6638  0.9389  0.8359  -1.0000  0.6441  0.6841  0.0951  0.5911  0.7380  -1.0000  0.6965  0.7612  0.4125  0.000000
epoch:150 0.6633  0.9388  0.8360  -1.0000  0.6443  0.6835  0.0951  0.5910  0.7378  -1.0000  0.6967  0.7607  0.4119  0.000000
epoch:151 0.6638  0.9385  0.8356  -1.0000  0.6442  0.6834  0.0951  0.5908  0.7379  -1.0000  0.6966  0.7607  0.4107  0.000000
epoch:152 0.6636  0.9387  0.8357  -1.0000  0.6441  0.6836  0.0949  0.5910  0.7378  -1.0000  0.6962  0.7607  0.4110  0.000000
epoch:153 0.6632  0.9388  0.8360  -1.0000  0.6438  0.6832  0.0948  0.5906  0.7376  -1.0000  0.6962  0.7605  0.4121  0.000000
epoch:154 0.6637  0.9390  0.8387  -1.0000  0.6440  0.6842  0.0949  0.5909  0.7376  -1.0000  0.6959  0.7607  0.4123  0.000000
epoch:155 0.6641  0.9388  0.8387  -1.0000  0.6448  0.6835  0.0949  0.5911  0.7376  -1.0000  0.6970  0.7605  0.4136  0.000000
epoch:156 0.6631  0.9388  0.8360  -1.0000  0.6431  0.6833  0.0949  0.5908  0.7375  -1.0000  0.6955  0.7608  0.4122  0.000000
epoch:157 0.6631  0.9387  0.8359  -1.0000  0.6442  0.6830  0.0948  0.5910  0.7375  -1.0000  0.6966  0.7606  0.4112  0.000000
epoch:158 0.6636  0.9388  0.8388  -1.0000  0.6449  0.6836  0.0951  0.5910  0.7378  -1.0000  0.6971  0.7607  0.4144  0.000000
epoch:159 0.6638  0.9387  0.8387  -1.0000  0.6440  0.6831  0.0949  0.5910  0.7374  -1.0000  0.6955  0.7606  0.4150  0.000000
epoch:160 0.6635  0.9387  0.8395  -1.0000  0.6441  0.6838  0.0949  0.5909  0.7373  -1.0000  0.6957  0.7602  0.4120  0.000000
epoch:161 0.6639  0.9422  0.8364  -1.0000  0.6457  0.6837  0.0950  0.5913  0.7378  -1.0000  0.6979  0.7604  0.4120  0.000000
epoch:162 0.6639  0.9388  0.8393  -1.0000  0.6442  0.6840  0.0949  0.5913  0.7377  -1.0000  0.6968  0.7604  0.4114  0.000000
epoch:163 0.6633  0.9419  0.8356  -1.0000  0.6448  0.6825  0.0950  0.5912  0.7378  -1.0000  0.6973  0.7606  0.4131  0.000000
epoch:164 0.6636  0.9387  0.8388  -1.0000  0.6445  0.6836  0.0950  0.5911  0.7379  -1.0000  0.6973  0.7606  0.4118  0.000000
epoch:165 0.6640  0.9421  0.8359  -1.0000  0.6444  0.6843  0.0950  0.5912  0.7377  -1.0000  0.6971  0.7608  0.4135  0.000000
epoch:166 0.6639  0.9386  0.8388  -1.0000  0.6436  0.6841  0.0950  0.5911  0.7379  -1.0000  0.6965  0.7606  0.4123  0.000000
epoch:167 0.6643  0.9390  0.8397  -1.0000  0.6450  0.6844  0.0949  0.5909  0.7377  -1.0000  0.6971  0.7605  0.4145  0.000000
epoch:168 0.6637  0.9389  0.8390  -1.0000  0.6443  0.6833  0.0949  0.5910  0.7375  -1.0000  0.6967  0.7604  0.4123  0.000000
epoch:169 0.6638  0.9390  0.8394  -1.0000  0.6444  0.6840  0.0951  0.5911  0.7378  -1.0000  0.6969  0.7607  0.4121  0.000000
epoch:170 0.6633  0.9387  0.8362  -1.0000  0.6446  0.6835  0.0951  0.5909  0.7374  -1.0000  0.6967  0.7603  0.4110  0.000000
epoch:171 0.6637  0.9420  0.8389  -1.0000  0.6455  0.6833  0.0950  0.5911  0.7380  -1.0000  0.6977  0.7609  0.4107  0.000000
epoch:172 0.6631  0.9389  0.8367  -1.0000  0.6449  0.6828  0.0951  0.5912  0.7375  -1.0000  0.6970  0.7602  0.4122  0.000000
epoch:173 0.6634  0.9388  0.8400  -1.0000  0.6452  0.6839  0.0948  0.5912  0.7378  -1.0000  0.6977  0.7606  0.4114  0.000000
epoch:174 0.6638  0.9385  0.8355  -1.0000  0.6458  0.6837  0.0950  0.5913  0.7379  -1.0000  0.6975  0.7608  0.4133  0.000000
epoch:175 0.6638  0.9388  0.8388  -1.0000  0.6448  0.6834  0.0950  0.5910  0.7380  -1.0000  0.6970  0.7607  0.4120  0.000000
epoch:176 0.6641  0.9385  0.8390  -1.0000  0.6449  0.6842  0.0950  0.5917  0.7384  -1.0000  0.6973  0.7614  0.4096  0.000000
epoch:177 0.6635  0.9388  0.8388  -1.0000  0.6449  0.6832  0.0949  0.5914  0.7379  -1.0000  0.6972  0.7605  0.4114  0.000000
epoch:178 0.6638  0.9390  0.8394  -1.0000  0.6446  0.6841  0.0950  0.5911  0.7378  -1.0000  0.6970  0.7605  0.4111  0.000000
epoch:179 0.6643  0.9423  0.8395  -1.0000  0.6461  0.6839  0.0949  0.5916  0.7383  -1.0000  0.6986  0.7610  0.4113  0.000000
epoch:180 0.6638  0.9387  0.8388  -1.0000  0.6443  0.6828  0.0949  0.5908  0.7377  -1.0000  0.6974  0.7601  0.4125  0.000000
epoch:181 0.6643  0.9388  0.8382  -1.0000  0.6453  0.6838  0.0951  0.5913  0.7379  -1.0000  0.6975  0.7606  0.4130  0.000000
epoch:182 0.6636  0.9388  0.8398  -1.0000  0.6445  0.6834  0.0950  0.5912  0.7376  -1.0000  0.6959  0.7609  0.4135  0.000000
epoch:183 0.6638  0.9389  0.8364  -1.0000  0.6444  0.6842  0.0950  0.5911  0.7379  -1.0000  0.6967  0.7608  0.4135  0.000000
epoch:184 0.6636  0.9385  0.8351  -1.0000  0.6436  0.6832  0.0950  0.5907  0.7375  -1.0000  0.6958  0.7605  0.4126  0.000000
epoch:185 0.6639  0.9386  0.8358  -1.0000  0.6444  0.6834  0.0950  0.5907  0.7379  -1.0000  0.6968  0.7605  0.4119  0.000000
epoch:186 0.6634  0.9385  0.8353  -1.0000  0.6443  0.6826  0.0947  0.5903  0.7371  -1.0000  0.6963  0.7596  0.4133  0.000000
epoch:187 0.6640  0.9389  0.8397  -1.0000  0.6441  0.6841  0.0950  0.5911  0.7378  -1.0000  0.6960  0.7607  0.4108  0.000000
epoch:188 0.6633  0.9383  0.8358  -1.0000  0.6448  0.6831  0.0950  0.5911  0.7377  -1.0000  0.6963  0.7609  0.4108  0.000000
epoch:189 0.6638  0.9389  0.8392  -1.0000  0.6443  0.6844  0.0952  0.5912  0.7381  -1.0000  0.6966  0.7611  0.4103  0.000000
epoch:190 0.6636  0.9389  0.8389  -1.0000  0.6439  0.6839  0.0950  0.5910  0.7378  -1.0000  0.6960  0.7609  0.4118  0.000000
epoch:191 0.6642  0.9421  0.8361  -1.0000  0.6460  0.6841  0.0950  0.5913  0.7380  -1.0000  0.6979  0.7607  0.4118  0.000000
epoch:192 0.6642  0.9385  0.8389  -1.0000  0.6457  0.6838  0.0950  0.5913  0.7380  -1.0000  0.6980  0.7608  0.4119  0.000000
epoch:193 0.6639  0.9386  0.8385  -1.0000  0.6452  0.6832  0.0950  0.5909  0.7378  -1.0000  0.6971  0.7605  0.4124  0.000000
epoch:194 0.6637  0.9388  0.8365  -1.0000  0.6460  0.6832  0.0948  0.5911  0.7377  -1.0000  0.6982  0.7597  0.4131  0.000000
epoch:195 0.6642  0.9423  0.8390  -1.0000  0.6453  0.6845  0.0950  0.5912  0.7378  -1.0000  0.6978  0.7606  0.4123  0.000000
epoch:196 0.6633  0.9389  0.8389  -1.0000  0.6445  0.6834  0.0951  0.5906  0.7375  -1.0000  0.6967  0.7603  0.4121  0.000000
epoch:197 0.6635  0.9391  0.8396  -1.0000  0.6440  0.6837  0.0951  0.5911  0.7378  -1.0000  0.6969  0.7603  0.4122  0.000000
epoch:198 0.6638  0.9389  0.8398  -1.0000  0.6440  0.6842  0.0950  0.5916  0.7382  -1.0000  0.6967  0.7612  0.4128  0.000000
epoch:199 0.6640  0.9388  0.8394  -1.0000  0.6443  0.6833  0.0950  0.5913  0.7380  -1.0000  0.6967  0.7610  0.4111  0.000000
