epoch:0 0.4844  0.8270  0.5257  -1.0000  0.4804  0.4801  0.0795  0.4872  0.6230  -1.0000  0.5717  0.6452  1.0793  0.010000
epoch:1 0.5613  0.8803  0.6746  -1.0000  0.5563  0.5670  0.0846  0.5324  0.6670  -1.0000  0.6446  0.6808  0.7725  0.010000
epoch:2 0.5983  0.9107  0.7408  -1.0000  0.5871  0.6056  0.0880  0.5515  0.6933  -1.0000  0.6592  0.7097  0.6601  0.010000
epoch:3 0.6109  0.9081  0.7669  -1.0000  0.5965  0.6231  0.0907  0.5584  0.7048  -1.0000  0.6652  0.7203  0.6112  0.010000
epoch:4 0.6212  0.9119  0.7715  -1.0000  0.5907  0.6458  0.0925  0.5693  0.7062  -1.0000  0.6427  0.7413  0.5753  0.010000
epoch:5 0.6352  0.9287  0.7984  -1.0000  0.6227  0.6529  0.0916  0.5720  0.7173  -1.0000  0.6701  0.7430  0.5544  0.010000
epoch:6 0.6159  0.9176  0.7657  -1.0000  0.6075  0.6317  0.0902  0.5611  0.7018  -1.0000  0.6815  0.7194  0.5310  0.010000
epoch:7 0.6389  0.9272  0.7949  -1.0000  0.6059  0.6621  0.0918  0.5745  0.7206  -1.0000  0.6722  0.7467  0.5199  0.010000
epoch:8 0.6340  0.9282  0.8022  -1.0000  0.6160  0.6509  0.0917  0.5739  0.7175  -1.0000  0.6718  0.7440  0.5050  0.010000
epoch:9 0.6436  0.9300  0.8040  -1.0000  0.6203  0.6636  0.0926  0.5777  0.7197  -1.0000  0.6710  0.7456  0.4876  0.010000
epoch:10 0.6622  0.9406  0.8326  -1.0000  0.6431  0.6812  0.0942  0.5892  0.7364  -1.0000  0.6971  0.7594  0.4377  0.001000
epoch:11 0.6651  0.9413  0.8364  -1.0000  0.6458  0.6874  0.0947  0.5924  0.7388  -1.0000  0.6933  0.7659  0.4360  0.001000
epoch:12 0.6620  0.9386  0.8280  -1.0000  0.6427  0.6842  0.0938  0.5895  0.7358  -1.0000  0.6950  0.7619  0.4343  0.001000
epoch:13 0.6622  0.9413  0.8345  -1.0000  0.6443  0.6837  0.0942  0.5893  0.7355  -1.0000  0.6927  0.7619  0.4323  0.001000
epoch:14 0.6647  0.9421  0.8379  -1.0000  0.6452  0.6881  0.0946  0.5901  0.7379  -1.0000  0.6919  0.7672  0.4313  0.001000
epoch:15 0.6656  0.9425  0.8406  -1.0000  0.6456  0.6897  0.0942  0.5923  0.7385  -1.0000  0.6954  0.7661  0.4311  0.001000
epoch:16 0.6639  0.9387  0.8388  -1.0000  0.6419  0.6883  0.0941  0.5910  0.7372  -1.0000  0.6935  0.7633  0.4280  0.001000
epoch:17 0.6643  0.9422  0.8402  -1.0000  0.6469  0.6880  0.0939  0.5926  0.7381  -1.0000  0.6933  0.7673  0.4280  0.001000
epoch:18 0.6652  0.9428  0.8359  -1.0000  0.6482  0.6868  0.0940  0.5928  0.7389  -1.0000  0.6972  0.7639  0.4275  0.001000
epoch:19 0.6675  0.9423  0.8385  -1.0000  0.6459  0.6907  0.0943  0.5932  0.7398  -1.0000  0.6976  0.7672  0.4264  0.001000
epoch:20 0.6677  0.9424  0.8416  -1.0000  0.6442  0.6906  0.0942  0.5929  0.7391  -1.0000  0.6970  0.7650  0.4198  0.000100
epoch:21 0.6652  0.9387  0.8413  -1.0000  0.6439  0.6889  0.0943  0.5931  0.7393  -1.0000  0.6933  0.7673  0.4192  0.000100
epoch:22 0.6665  0.9421  0.8420  -1.0000  0.6456  0.6896  0.0944  0.5927  0.7393  -1.0000  0.6958  0.7661  0.4187  0.000100
epoch:23 0.6658  0.9389  0.8416  -1.0000  0.6441  0.6895  0.0943  0.5928  0.7388  -1.0000  0.6945  0.7660  0.4203  0.000100
epoch:24 0.6656  0.9387  0.8427  -1.0000  0.6452  0.6911  0.0946  0.5931  0.7394  -1.0000  0.6945  0.7676  0.4179  0.000100
epoch:25 0.6671  0.9425  0.8417  -1.0000  0.6453  0.6914  0.0946  0.5932  0.7395  -1.0000  0.6956  0.7674  0.4190  0.000100
epoch:26 0.6664  0.9422  0.8426  -1.0000  0.6428  0.6919  0.0943  0.5936  0.7394  -1.0000  0.6942  0.7672  0.4191  0.000100
epoch:27 0.6664  0.9417  0.8431  -1.0000  0.6459  0.6912  0.0947  0.5932  0.7399  -1.0000  0.6936  0.7683  0.4170  0.000100
epoch:28 0.6666  0.9389  0.8420  -1.0000  0.6450  0.6913  0.0947  0.5940  0.7392  -1.0000  0.6946  0.7667  0.4204  0.000100
epoch:29 0.6668  0.9391  0.8424  -1.0000  0.6444  0.6914  0.0945  0.5937  0.7400  -1.0000  0.6951  0.7676  0.4172  0.000100
