epoch:0 0.4502  0.8050  0.4538  -1.0000  0.4631  0.4361  0.0738  0.4652  0.6001  -1.0000  0.5444  0.6266  1.0774  0.005000
epoch:1 0.5370  0.8781  0.6168  -1.0000  0.5066  0.5432  0.0826  0.5077  0.6475  -1.0000  0.6096  0.6618  0.8333  0.005000
epoch:2 0.5760  0.8987  0.6973  -1.0000  0.5617  0.5860  0.0877  0.5385  0.6783  -1.0000  0.6243  0.7123  0.7215  0.005000
epoch:3 0.5845  0.8934  0.7192  -1.0000  0.5655  0.5965  0.0874  0.5448  0.6895  -1.0000  0.6539  0.7008  0.6540  0.005000
epoch:4 0.6084  0.9152  0.7600  -1.0000  0.5951  0.6228  0.0895  0.5551  0.6960  -1.0000  0.6553  0.7199  0.6209  0.005000
epoch:5 0.6282  0.9258  0.7808  -1.0000  0.6054  0.6510  0.0915  0.5681  0.7107  -1.0000  0.6579  0.7420  0.5882  0.005000
epoch:6 0.6296  0.9290  0.7821  -1.0000  0.6172  0.6445  0.0922  0.5698  0.7135  -1.0000  0.6687  0.7390  0.5612  0.005000
epoch:7 0.6291  0.9206  0.7755  -1.0000  0.6030  0.6475  0.0922  0.5726  0.7181  -1.0000  0.6682  0.7438  0.5446  0.005000
epoch:8 0.6414  0.9274  0.7923  -1.0000  0.6210  0.6675  0.0921  0.5772  0.7193  -1.0000  0.6692  0.7502  0.5316  0.005000
epoch:9 0.6451  0.9367  0.8062  -1.0000  0.6201  0.6623  0.0923  0.5797  0.7241  -1.0000  0.6804  0.7473  0.5120  0.005000
epoch:10 0.6612  0.9407  0.8281  -1.0000  0.6448  0.6792  0.0944  0.5894  0.7358  -1.0000  0.6977  0.7563  0.4777  0.000500
epoch:11 0.6612  0.9406  0.8273  -1.0000  0.6440  0.6805  0.0944  0.5893  0.7349  -1.0000  0.6955  0.7568  0.4714  0.000500
epoch:12 0.6610  0.9396  0.8261  -1.0000  0.6421  0.6815  0.0940  0.5880  0.7343  -1.0000  0.6919  0.7574  0.4686  0.000500
epoch:13 0.6601  0.9412  0.8293  -1.0000  0.6419  0.6803  0.0942  0.5881  0.7333  -1.0000  0.6899  0.7574  0.4689  0.000500
epoch:14 0.6597  0.9404  0.8252  -1.0000  0.6375  0.6832  0.0935  0.5889  0.7343  -1.0000  0.6910  0.7592  0.4688  0.000500
epoch:15 0.6610  0.9413  0.8260  -1.0000  0.6369  0.6842  0.0938  0.5884  0.7345  -1.0000  0.6886  0.7598  0.4682  0.000500
epoch:16 0.6597  0.9381  0.8292  -1.0000  0.6397  0.6823  0.0942  0.5889  0.7332  -1.0000  0.6912  0.7569  0.4642  0.000500
epoch:17 0.6612  0.9383  0.8275  -1.0000  0.6435  0.6839  0.0941  0.5890  0.7342  -1.0000  0.6925  0.7593  0.4637  0.000500
epoch:18 0.6596  0.9413  0.8263  -1.0000  0.6372  0.6826  0.0945  0.5890  0.7331  -1.0000  0.6878  0.7580  0.4616  0.000500
epoch:19 0.6614  0.9416  0.8239  -1.0000  0.6404  0.6845  0.0946  0.5896  0.7341  -1.0000  0.6929  0.7591  0.4595  0.000500
epoch:20 0.6630  0.9418  0.8252  -1.0000  0.6413  0.6858  0.0947  0.5900  0.7347  -1.0000  0.6920  0.7598  0.4564  0.000050
epoch:21 0.6611  0.9390  0.8268  -1.0000  0.6380  0.6857  0.0947  0.5894  0.7335  -1.0000  0.6883  0.7591  0.4540  0.000050
epoch:22 0.6614  0.9390  0.8262  -1.0000  0.6387  0.6857  0.0946  0.5900  0.7348  -1.0000  0.6890  0.7607  0.4556  0.000050
epoch:23 0.6616  0.9389  0.8265  -1.0000  0.6403  0.6862  0.0947  0.5897  0.7346  -1.0000  0.6911  0.7596  0.4548  0.000050
epoch:24 0.6616  0.9390  0.8253  -1.0000  0.6390  0.6857  0.0948  0.5900  0.7345  -1.0000  0.6891  0.7598  0.4547  0.000050
epoch:25 0.6608  0.9419  0.8285  -1.0000  0.6393  0.6842  0.0944  0.5889  0.7332  -1.0000  0.6876  0.7595  0.4549  0.000050
epoch:26 0.6609  0.9387  0.8280  -1.0000  0.6396  0.6841  0.0948  0.5893  0.7333  -1.0000  0.6887  0.7587  0.4544  0.000050
epoch:27 0.6614  0.9388  0.8258  -1.0000  0.6397  0.6858  0.0945  0.5899  0.7342  -1.0000  0.6893  0.7594  0.4539  0.000050
epoch:28 0.6600  0.9386  0.8257  -1.0000  0.6387  0.6833  0.0941  0.5883  0.7327  -1.0000  0.6876  0.7584  0.4548  0.000050
epoch:29 0.6610  0.9388  0.8259  -1.0000  0.6384  0.6852  0.0944  0.5891  0.7338  -1.0000  0.6870  0.7593  0.4531  0.000050
