epoch:0 0.0314  0.0988  0.0104  -1.0000  0.0313  0.0360  0.0246  0.0989  0.2016  -1.0000  0.1451  0.2163  1.5756  0.000100
epoch:1 0.0935  0.2515  0.0376  -1.0000  0.1414  0.0708  0.0333  0.1819  0.3092  -1.0000  0.3315  0.2827  1.4943  0.000100
epoch:2 0.2362  0.5238  0.1596  -1.0000  0.3366  0.1820  0.0512  0.3127  0.4191  -1.0000  0.4037  0.3887  1.4541  0.000100
epoch:3 0.2835  0.6232  0.1820  -1.0000  0.3450  0.2339  0.0589  0.3586  0.4739  -1.0000  0.4171  0.4692  1.2139  0.000100
epoch:4 0.3887  0.7335  0.3634  -1.0000  0.3997  0.3543  0.0667  0.4239  0.5392  -1.0000  0.4698  0.5607  1.1010  0.000100
epoch:5 0.4255  0.7735  0.4239  -1.0000  0.4254  0.4013  0.0733  0.4523  0.5785  -1.0000  0.5068  0.6036  1.0169  0.000100
epoch:6 0.4682  0.8026  0.5062  -1.0000  0.4689  0.4550  0.0784  0.4833  0.6107  -1.0000  0.5401  0.6442  0.9579  0.000100
epoch:7 0.4868  0.8231  0.5320  -1.0000  0.4857  0.4681  0.0783  0.4917  0.6235  -1.0000  0.5449  0.6628  0.9090  0.000100
epoch:8 0.5005  0.8234  0.5710  -1.0000  0.4936  0.4935  0.0812  0.5050  0.6361  -1.0000  0.5764  0.6605  0.8730  0.000100
epoch:9 0.5106  0.8261  0.5894  -1.0000  0.5050  0.5009  0.0808  0.5122  0.6508  -1.0000  0.5813  0.6857  0.8416  0.000100
epoch:10 0.5163  0.8356  0.5949  -1.0000  0.5076  0.5088  0.0812  0.5114  0.6514  -1.0000  0.5802  0.6848  0.8044  0.000010
epoch:11 0.5192  0.8325  0.6000  -1.0000  0.5097  0.5101  0.0829  0.5140  0.6518  -1.0000  0.5812  0.6834  0.8041  0.000010
epoch:12 0.5171  0.8325  0.6018  -1.0000  0.5092  0.5078  0.0811  0.5125  0.6536  -1.0000  0.5829  0.6867  0.7996  0.000010
epoch:13 0.5181  0.8301  0.5968  -1.0000  0.5123  0.5120  0.0816  0.5126  0.6522  -1.0000  0.5837  0.6855  0.7918  0.000010
epoch:14 0.5231  0.8357  0.6104  -1.0000  0.5141  0.5168  0.0820  0.5190  0.6604  -1.0000  0.5914  0.6930  0.7941  0.000010
epoch:15 0.5248  0.8404  0.6105  -1.0000  0.5197  0.5140  0.0815  0.5194  0.6597  -1.0000  0.5920  0.6939  0.7907  0.000010
epoch:16 0.5221  0.8352  0.6073  -1.0000  0.5117  0.5193  0.0828  0.5175  0.6530  -1.0000  0.5800  0.6856  0.7871  0.000010
epoch:17 0.5260  0.8466  0.6126  -1.0000  0.5112  0.5220  0.0826  0.5171  0.6543  -1.0000  0.5802  0.6868  0.7867  0.000010
epoch:18 0.5216  0.8325  0.6083  -1.0000  0.5126  0.5197  0.0824  0.5171  0.6589  -1.0000  0.5989  0.6851  0.7840  0.000010
epoch:19 0.5306  0.8450  0.6234  -1.0000  0.5194  0.5276  0.0840  0.5217  0.6592  -1.0000  0.5850  0.6944  0.7792  0.000010
epoch:20 0.5296  0.8452  0.6223  -1.0000  0.5188  0.5246  0.0826  0.5211  0.6581  -1.0000  0.5851  0.6930  0.7762  0.000001
epoch:21 0.5321  0.8436  0.6238  -1.0000  0.5176  0.5322  0.0822  0.5215  0.6582  -1.0000  0.5958  0.6863  0.7761  0.000001
epoch:22 0.5297  0.8361  0.6271  -1.0000  0.5169  0.5277  0.0837  0.5199  0.6605  -1.0000  0.5884  0.6946  0.7759  0.000001
epoch:23 0.5322  0.8444  0.6316  -1.0000  0.5180  0.5304  0.0827  0.5221  0.6599  -1.0000  0.5908  0.6919  0.7772  0.000001
epoch:24 0.5347  0.8472  0.6257  -1.0000  0.5154  0.5351  0.0833  0.5228  0.6583  -1.0000  0.5948  0.6870  0.7734  0.000001
epoch:25 0.5337  0.8462  0.6334  -1.0000  0.5234  0.5323  0.0832  0.5229  0.6631  -1.0000  0.5994  0.6937  0.7749  0.000001
epoch:26 0.5272  0.8384  0.6197  -1.0000  0.5203  0.5206  0.0823  0.5182  0.6596  -1.0000  0.5872  0.6925  0.7732  0.000001
epoch:27 0.5292  0.8396  0.6198  -1.0000  0.5167  0.5263  0.0825  0.5185  0.6590  -1.0000  0.5901  0.6897  0.7737  0.000001
epoch:28 0.5332  0.8449  0.6301  -1.0000  0.5213  0.5319  0.0829  0.5212  0.6602  -1.0000  0.5972  0.6884  0.7723  0.000001
epoch:29 0.5305  0.8423  0.6251  -1.0000  0.5215  0.5242  0.0822  0.5210  0.6631  -1.0000  0.5912  0.6978  0.7728  0.000001
