epoch:0 0.0276  0.0961  0.0035  -1.0000  0.0217  0.0336  0.0224  0.0911  0.1883  -1.0000  0.1318  0.2056  1.5756  0.000100
epoch:1 0.1113  0.2615  0.0637  -1.0000  0.0883  0.1390  0.0389  0.2020  0.3289  -1.0000  0.3366  0.3098  1.4943  0.000100
epoch:2 0.2556  0.5332  0.1965  -1.0000  0.2453  0.2454  0.0552  0.3338  0.4490  -1.0000  0.4033  0.4402  1.4541  0.000100
epoch:3 0.3294  0.6253  0.3082  -1.0000  0.3157  0.3083  0.0644  0.3967  0.5220  -1.0000  0.4691  0.5223  1.2139  0.000100
epoch:4 0.4102  0.7330  0.4329  -1.0000  0.3315  0.4270  0.0700  0.4429  0.5627  -1.0000  0.5026  0.5813  1.1010  0.000100
epoch:5 0.4356  0.7748  0.4620  -1.0000  0.3536  0.4562  0.0740  0.4591  0.5907  -1.0000  0.5238  0.6169  1.0169  0.000100
epoch:6 0.4714  0.8031  0.5321  -1.0000  0.3804  0.5044  0.0775  0.4833  0.6128  -1.0000  0.5493  0.6459  0.9579  0.000100
epoch:7 0.4913  0.8228  0.5670  -1.0000  0.4020  0.5175  0.0777  0.4921  0.6231  -1.0000  0.5486  0.6595  0.9090  0.000100
epoch:8 0.4918  0.8187  0.5712  -1.0000  0.3934  0.5309  0.0790  0.4964  0.6271  -1.0000  0.5714  0.6529  0.8730  0.000100
epoch:9 0.5109  0.8236  0.6112  -1.0000  0.4119  0.5435  0.0792  0.5094  0.6464  -1.0000  0.5841  0.6806  0.8416  0.000100
epoch:10 0.5127  0.8344  0.6041  -1.0000  0.4338  0.5370  0.0800  0.5059  0.6458  -1.0000  0.5812  0.6783  0.8044  0.000010
epoch:11 0.5129  0.8286  0.6102  -1.0000  0.4252  0.5420  0.0811  0.5069  0.6433  -1.0000  0.5782  0.6746  0.8041  0.000010
epoch:12 0.5131  0.8314  0.6139  -1.0000  0.4280  0.5409  0.0797  0.5077  0.6472  -1.0000  0.5814  0.6802  0.7996  0.000010
epoch:13 0.5118  0.8293  0.6102  -1.0000  0.4274  0.5346  0.0800  0.5054  0.6431  -1.0000  0.5757  0.6776  0.7918  0.000010
epoch:14 0.5191  0.8323  0.6241  -1.0000  0.4221  0.5548  0.0805  0.5129  0.6529  -1.0000  0.5913  0.6845  0.7941  0.000010
epoch:15 0.5201  0.8369  0.6208  -1.0000  0.4335  0.5500  0.0803  0.5128  0.6513  -1.0000  0.5891  0.6833  0.7907  0.000010
epoch:16 0.5197  0.8342  0.6239  -1.0000  0.4246  0.5551  0.0811  0.5116  0.6454  -1.0000  0.5776  0.6780  0.7871  0.000010
epoch:17 0.5245  0.8438  0.6219  -1.0000  0.4349  0.5565  0.0814  0.5125  0.6485  -1.0000  0.5825  0.6797  0.7867  0.000010
epoch:18 0.5155  0.8289  0.6138  -1.0000  0.4119  0.5525  0.0804  0.5094  0.6493  -1.0000  0.5950  0.6773  0.7840  0.000010
epoch:19 0.5252  0.8444  0.6299  -1.0000  0.4396  0.5552  0.0821  0.5143  0.6506  -1.0000  0.5813  0.6850  0.7792  0.000010
epoch:20 0.5262  0.8434  0.6278  -1.0000  0.4367  0.5559  0.0812  0.5160  0.6512  -1.0000  0.5850  0.6833  0.7762  0.000001
epoch:21 0.5270  0.8424  0.6308  -1.0000  0.4265  0.5640  0.0803  0.5139  0.6483  -1.0000  0.5946  0.6750  0.7761  0.000001
epoch:22 0.5237  0.8319  0.6328  -1.0000  0.4295  0.5537  0.0817  0.5127  0.6508  -1.0000  0.5870  0.6833  0.7759  0.000001
epoch:23 0.5271  0.8421  0.6352  -1.0000  0.4377  0.5582  0.0811  0.5157  0.6516  -1.0000  0.5910  0.6813  0.7772  0.000001
epoch:24 0.5296  0.8460  0.6324  -1.0000  0.4296  0.5653  0.0816  0.5162  0.6495  -1.0000  0.5907  0.6776  0.7734  0.000001
epoch:25 0.5267  0.8447  0.6309  -1.0000  0.4347  0.5619  0.0815  0.5153  0.6543  -1.0000  0.5965  0.6843  0.7749  0.000001
epoch:26 0.5228  0.8369  0.6280  -1.0000  0.4397  0.5471  0.0813  0.5128  0.6520  -1.0000  0.5873  0.6842  0.7732  0.000001
epoch:27 0.5261  0.8381  0.6324  -1.0000  0.4284  0.5586  0.0812  0.5139  0.6530  -1.0000  0.5911  0.6838  0.7737  0.000001
epoch:28 0.5273  0.8422  0.6334  -1.0000  0.4265  0.5647  0.0812  0.5138  0.6505  -1.0000  0.5908  0.6789  0.7723  0.000001
epoch:29 0.5251  0.8410  0.6314  -1.0000  0.4406  0.5538  0.0803  0.5142  0.6546  -1.0000  0.5905  0.6881  0.7728  0.000001
