epoch:0 0.3506  0.5424  0.4308  -1.0000  0.2785  0.4196  0.0831  0.5289  0.6653  -1.0000  0.6317  0.6786  1.1717  0.010000
epoch:1 0.5401  0.8147  0.6778  -1.0000  0.4461  0.5794  0.0861  0.5375  0.6792  -1.0000  0.6411  0.6955  0.8084  0.010000
epoch:2 0.6037  0.8693  0.7646  -1.0000  0.4962  0.6389  0.0912  0.5669  0.7129  -1.0000  0.6702  0.7378  0.7033  0.010000
epoch:3 0.5810  0.8804  0.7136  -1.0000  0.4806  0.6199  0.0862  0.5488  0.6893  -1.0000  0.6593  0.7060  0.6492  0.010000
epoch:4 0.6051  0.8860  0.7665  -1.0000  0.5048  0.6375  0.0882  0.5587  0.7052  -1.0000  0.6836  0.7183  0.6115  0.010000
epoch:5 0.6203  0.8828  0.7854  -1.0000  0.5243  0.6565  0.0915  0.5764  0.7198  -1.0000  0.6773  0.7427  0.5720  0.010000
epoch:6 0.6257  0.8871  0.7933  -1.0000  0.5397  0.6667  0.0936  0.5732  0.7177  -1.0000  0.6675  0.7460  0.5508  0.010000
epoch:7 0.6296  0.8987  0.8009  -1.0000  0.5393  0.6702  0.0925  0.5793  0.7241  -1.0000  0.6752  0.7497  0.5241  0.010000
epoch:8 0.5993  0.8535  0.7571  -1.0000  0.4646  0.6420  0.0904  0.5627  0.7132  -1.0000  0.6614  0.7381  0.5037  0.010000
epoch:9 0.6279  0.8926  0.7998  -1.0000  0.5407  0.6632  0.0925  0.5724  0.7169  -1.0000  0.6790  0.7396  0.4900  0.010000
epoch:10 0.6576  0.9210  0.8322  -1.0000  0.5730  0.6993  0.0952  0.5865  0.7339  -1.0000  0.6778  0.7663  0.4298  0.001000
epoch:11 0.6589  0.9204  0.8327  -1.0000  0.5706  0.6985  0.0945  0.5872  0.7333  -1.0000  0.6883  0.7584  0.4065  0.001000
epoch:12 0.6583  0.9192  0.8292  -1.0000  0.5755  0.6960  0.0940  0.5876  0.7345  -1.0000  0.6927  0.7585  0.4010  0.001000
epoch:13 0.6617  0.9201  0.8358  -1.0000  0.5767  0.7035  0.0947  0.5885  0.7335  -1.0000  0.6807  0.7642  0.3978  0.001000
epoch:14 0.6588  0.9195  0.8344  -1.0000  0.5701  0.6986  0.0949  0.5860  0.7301  -1.0000  0.6808  0.7574  0.3915  0.001000
epoch:15 0.6647  0.9290  0.8370  -1.0000  0.5813  0.7063  0.0946  0.5892  0.7349  -1.0000  0.6827  0.7660  0.3868  0.001000
epoch:16 0.6642  0.9261  0.8384  -1.0000  0.5780  0.7067  0.0948  0.5884  0.7337  -1.0000  0.6818  0.7634  0.3863  0.001000
epoch:17 0.6615  0.9209  0.8361  -1.0000  0.5692  0.7053  0.0941  0.5874  0.7302  -1.0000  0.6746  0.7623  0.3800  0.001000
epoch:18 0.6611  0.9264  0.8313  -1.0000  0.5752  0.7046  0.0946  0.5876  0.7310  -1.0000  0.6714  0.7644  0.3769  0.001000
epoch:19 0.6634  0.9265  0.8332  -1.0000  0.5747  0.7037  0.0946  0.5856  0.7312  -1.0000  0.6755  0.7614  0.3743  0.001000
epoch:20 0.6614  0.9258  0.8318  -1.0000  0.5759  0.7014  0.0938  0.5855  0.7301  -1.0000  0.6766  0.7585  0.3675  0.000100
epoch:21 0.6591  0.9219  0.8282  -1.0000  0.5733  0.6999  0.0942  0.5851  0.7281  -1.0000  0.6730  0.7580  0.3673  0.000100
epoch:22 0.6611  0.9222  0.8331  -1.0000  0.5778  0.7017  0.0947  0.5871  0.7300  -1.0000  0.6745  0.7607  0.3677  0.000100
epoch:23 0.6601  0.9263  0.8318  -1.0000  0.5775  0.6990  0.0939  0.5858  0.7292  -1.0000  0.6758  0.7574  0.3645  0.000100
epoch:24 0.6604  0.9238  0.8345  -1.0000  0.5783  0.7019  0.0945  0.5861  0.7293  -1.0000  0.6725  0.7604  0.3650  0.000100
epoch:25 0.6601  0.9230  0.8300  -1.0000  0.5775  0.7005  0.0944  0.5854  0.7283  -1.0000  0.6745  0.7591  0.3662  0.000100
epoch:26 0.6608  0.9231  0.8300  -1.0000  0.5803  0.7021  0.0949  0.5860  0.7290  -1.0000  0.6742  0.7606  0.3647  0.000100
epoch:27 0.6616  0.9274  0.8296  -1.0000  0.5817  0.7023  0.0951  0.5864  0.7299  -1.0000  0.6768  0.7592  0.3637  0.000100
epoch:28 0.6613  0.9274  0.8302  -1.0000  0.5777  0.7017  0.0950  0.5856  0.7293  -1.0000  0.6732  0.7594  0.3660  0.000100
epoch:29 0.6593  0.9228  0.8288  -1.0000  0.5726  0.7012  0.0944  0.5855  0.7280  -1.0000  0.6716  0.7597  0.3618  0.000100
