epoch:0 0.4701  0.7354  0.5762  -1.0000  0.3406  0.5129  0.0816  0.5103  0.6613  -1.0000  0.6144  0.6848  1.0336  0.010000
epoch:1 0.5907  0.8723  0.7414  -1.0000  0.4927  0.6325  0.0889  0.5554  0.6954  -1.0000  0.6425  0.7264  0.7078  0.010000
epoch:2 0.6088  0.8876  0.7768  -1.0000  0.5080  0.6463  0.0900  0.5611  0.7097  -1.0000  0.6708  0.7323  0.6398  0.010000
epoch:3 0.6132  0.8932  0.7740  -1.0000  0.5217  0.6519  0.0904  0.5646  0.7119  -1.0000  0.6756  0.7324  0.5956  0.010000
epoch:4 0.6174  0.9068  0.7827  -1.0000  0.5232  0.6443  0.0892  0.5593  0.7001  -1.0000  0.6763  0.7116  0.5429  0.010000
epoch:5 0.6268  0.9061  0.7883  -1.0000  0.5197  0.6636  0.0910  0.5655  0.7091  -1.0000  0.6835  0.7249  0.5337  0.010000
epoch:6 0.6461  0.9143  0.8237  -1.0000  0.5615  0.6879  0.0937  0.5832  0.7232  -1.0000  0.6694  0.7564  0.5110  0.010000
epoch:7 0.6268  0.8924  0.7970  -1.0000  0.5395  0.6645  0.0919  0.5698  0.7073  -1.0000  0.6646  0.7299  0.5098  0.010000
epoch:8 0.6501  0.9194  0.8287  -1.0000  0.5674  0.6888  0.0930  0.5805  0.7286  -1.0000  0.6838  0.7535  0.4952  0.010000
epoch:9 0.6354  0.9088  0.8043  -1.0000  0.5471  0.6782  0.0937  0.5759  0.7136  -1.0000  0.6589  0.7449  0.4859  0.010000
epoch:10 0.6621  0.9248  0.8428  -1.0000  0.5834  0.7000  0.0944  0.5880  0.7336  -1.0000  0.6913  0.7573  0.4323  0.001000
epoch:11 0.6621  0.9287  0.8402  -1.0000  0.5832  0.7006  0.0947  0.5880  0.7318  -1.0000  0.6851  0.7586  0.4179  0.001000
epoch:12 0.6626  0.9299  0.8396  -1.0000  0.5864  0.7038  0.0950  0.5869  0.7320  -1.0000  0.6840  0.7634  0.4130  0.001000
epoch:13 0.6648  0.9308  0.8454  -1.0000  0.5866  0.7022  0.0949  0.5884  0.7331  -1.0000  0.6914  0.7589  0.4102  0.001000
epoch:14 0.6653  0.9298  0.8488  -1.0000  0.5855  0.7042  0.0945  0.5896  0.7344  -1.0000  0.6900  0.7622  0.4080  0.001000
epoch:15 0.6635  0.9298  0.8407  -1.0000  0.5856  0.7037  0.0939  0.5892  0.7327  -1.0000  0.6873  0.7596  0.4051  0.001000
epoch:16 0.6618  0.9266  0.8385  -1.0000  0.5862  0.6981  0.0939  0.5864  0.7305  -1.0000  0.6880  0.7550  0.4026  0.001000
epoch:17 0.6624  0.9301  0.8394  -1.0000  0.5870  0.7008  0.0949  0.5877  0.7321  -1.0000  0.6879  0.7609  0.4027  0.001000
epoch:18 0.6644  0.9309  0.8413  -1.0000  0.5892  0.7023  0.0949  0.5883  0.7335  -1.0000  0.6892  0.7598  0.3993  0.001000
epoch:19 0.6631  0.9302  0.8402  -1.0000  0.5857  0.7005  0.0946  0.5877  0.7321  -1.0000  0.6885  0.7585  0.3992  0.001000
epoch:20 0.6635  0.9269  0.8414  -1.0000  0.5872  0.7022  0.0946  0.5883  0.7320  -1.0000  0.6862  0.7606  0.3906  0.000100
epoch:21 0.6632  0.9304  0.8455  -1.0000  0.5887  0.7005  0.0943  0.5882  0.7323  -1.0000  0.6884  0.7609  0.3905  0.000100
epoch:22 0.6625  0.9268  0.8410  -1.0000  0.5868  0.7012  0.0945  0.5877  0.7316  -1.0000  0.6865  0.7602  0.3900  0.000100
epoch:23 0.6660  0.9309  0.8425  -1.0000  0.5901  0.7041  0.0946  0.5892  0.7346  -1.0000  0.6905  0.7629  0.3904  0.000100
epoch:24 0.6620  0.9269  0.8404  -1.0000  0.5873  0.7005  0.0946  0.5872  0.7303  -1.0000  0.6847  0.7587  0.3895  0.000100
epoch:25 0.6637  0.9275  0.8416  -1.0000  0.5881  0.7026  0.0947  0.5882  0.7325  -1.0000  0.6870  0.7611  0.3894  0.000100
epoch:26 0.6651  0.9314  0.8423  -1.0000  0.5893  0.7041  0.0946  0.5887  0.7337  -1.0000  0.6875  0.7624  0.3891  0.000100
epoch:27 0.6630  0.9277  0.8407  -1.0000  0.5882  0.7024  0.0944  0.5876  0.7320  -1.0000  0.6848  0.7614  0.3877  0.000100
epoch:28 0.6633  0.9273  0.8414  -1.0000  0.5875  0.7021  0.0943  0.5882  0.7315  -1.0000  0.6853  0.7603  0.3886  0.000100
epoch:29 0.6640  0.9279  0.8419  -1.0000  0.5895  0.7041  0.0944  0.5882  0.7330  -1.0000  0.6880  0.7615  0.3897  0.000100
