epoch:0 0.5488  0.8568  0.6718  -1.0000  0.4426  0.5814  0.0864  0.5244  0.6687  -1.0000  0.6219  0.6980  1.0650  0.005000
epoch:1 0.5795  0.8776  0.7180  -1.0000  0.4764  0.6144  0.0880  0.5438  0.6890  -1.0000  0.6543  0.7023  0.7582  0.005000
epoch:2 0.6098  0.8983  0.7752  -1.0000  0.5132  0.6470  0.0909  0.5572  0.6986  -1.0000  0.6514  0.7235  0.6566  0.005000
epoch:3 0.6233  0.9047  0.7909  -1.0000  0.5296  0.6666  0.0926  0.5637  0.7038  -1.0000  0.6449  0.7336  0.6096  0.005000
epoch:4 0.6213  0.8976  0.7876  -1.0000  0.5213  0.6636  0.0912  0.5650  0.7060  -1.0000  0.6668  0.7330  0.5806  0.005000
epoch:5 0.6188  0.8991  0.7813  -1.0000  0.5326  0.6562  0.0915  0.5601  0.7003  -1.0000  0.6628  0.7220  0.5492  0.005000
epoch:6 0.6254  0.8958  0.7982  -1.0000  0.5277  0.6700  0.0923  0.5700  0.7125  -1.0000  0.6571  0.7431  0.5308  0.005000
epoch:7 0.6426  0.9186  0.8194  -1.0000  0.5575  0.6860  0.0922  0.5770  0.7214  -1.0000  0.6754  0.7516  0.5110  0.005000
epoch:8 0.6443  0.9173  0.8154  -1.0000  0.5577  0.6824  0.0924  0.5750  0.7191  -1.0000  0.6857  0.7419  0.4891  0.005000
epoch:9 0.6430  0.9129  0.8114  -1.0000  0.5522  0.6862  0.0933  0.5777  0.7220  -1.0000  0.6736  0.7509  0.4773  0.005000
epoch:10 0.6605  0.9258  0.8356  -1.0000  0.5814  0.7000  0.0940  0.5851  0.7306  -1.0000  0.6861  0.7579  0.4469  0.000500
epoch:11 0.6613  0.9269  0.8372  -1.0000  0.5839  0.7017  0.0943  0.5853  0.7297  -1.0000  0.6867  0.7574  0.4386  0.000500
epoch:12 0.6617  0.9281  0.8370  -1.0000  0.5842  0.7010  0.0943  0.5845  0.7301  -1.0000  0.6828  0.7585  0.4340  0.000500
epoch:13 0.6622  0.9262  0.8384  -1.0000  0.5860  0.7039  0.0946  0.5871  0.7310  -1.0000  0.6788  0.7627  0.4317  0.000500
epoch:14 0.6615  0.9250  0.8400  -1.0000  0.5858  0.7012  0.0940  0.5862  0.7317  -1.0000  0.6817  0.7620  0.4287  0.000500
epoch:15 0.6600  0.9245  0.8348  -1.0000  0.5834  0.6993  0.0943  0.5844  0.7281  -1.0000  0.6823  0.7559  0.4266  0.000500
epoch:16 0.6592  0.9221  0.8323  -1.0000  0.5802  0.7010  0.0942  0.5838  0.7281  -1.0000  0.6807  0.7585  0.4247  0.000500
epoch:17 0.6585  0.9217  0.8366  -1.0000  0.5819  0.6994  0.0938  0.5830  0.7270  -1.0000  0.6768  0.7578  0.4212  0.000500
epoch:18 0.6574  0.9210  0.8311  -1.0000  0.5789  0.6987  0.0943  0.5836  0.7271  -1.0000  0.6755  0.7579  0.4216  0.000500
epoch:19 0.6576  0.9229  0.8315  -1.0000  0.5792  0.6982  0.0943  0.5828  0.7263  -1.0000  0.6739  0.7560  0.4217  0.000500
epoch:20 0.6613  0.9242  0.8368  -1.0000  0.5852  0.7012  0.0939  0.5859  0.7290  -1.0000  0.6805  0.7591  0.4140  0.000050
epoch:21 0.6610  0.9249  0.8376  -1.0000  0.5859  0.7013  0.0941  0.5843  0.7280  -1.0000  0.6816  0.7578  0.4158  0.000050
epoch:22 0.6607  0.9239  0.8365  -1.0000  0.5841  0.7007  0.0938  0.5843  0.7282  -1.0000  0.6816  0.7583  0.4159  0.000050
epoch:23 0.6615  0.9242  0.8393  -1.0000  0.5850  0.7026  0.0939  0.5846  0.7285  -1.0000  0.6796  0.7595  0.4151  0.000050
epoch:24 0.6610  0.9241  0.8383  -1.0000  0.5861  0.7010  0.0940  0.5847  0.7290  -1.0000  0.6831  0.7584  0.4149  0.000050
epoch:25 0.6611  0.9238  0.8338  -1.0000  0.5840  0.7017  0.0941  0.5848  0.7292  -1.0000  0.6783  0.7601  0.4145  0.000050
epoch:26 0.6612  0.9240  0.8378  -1.0000  0.5844  0.7015  0.0938  0.5846  0.7288  -1.0000  0.6816  0.7584  0.4136  0.000050
epoch:27 0.6595  0.9230  0.8379  -1.0000  0.5812  0.6994  0.0940  0.5834  0.7272  -1.0000  0.6778  0.7570  0.4133  0.000050
epoch:28 0.6612  0.9242  0.8375  -1.0000  0.5847  0.7014  0.0941  0.5846  0.7282  -1.0000  0.6794  0.7580  0.4141  0.000050
epoch:29 0.6614  0.9243  0.8384  -1.0000  0.5855  0.7019  0.0942  0.5846  0.7285  -1.0000  0.6799  0.7590  0.4132  0.000050
