epoch:0 0.5087  0.8289  0.6032  -1.0000  0.4258  0.5281  0.0811  0.5034  0.6416  -1.0000  0.5818  0.6665  1.0793  0.010000
epoch:1 0.5893  0.8826  0.7437  -1.0000  0.4927  0.6193  0.0878  0.5473  0.6833  -1.0000  0.6455  0.7045  0.7725  0.010000
epoch:2 0.6147  0.9115  0.7711  -1.0000  0.5381  0.6476  0.0898  0.5589  0.7024  -1.0000  0.6622  0.7219  0.6601  0.010000
epoch:3 0.6199  0.9102  0.7877  -1.0000  0.5430  0.6549  0.0915  0.5615  0.7074  -1.0000  0.6631  0.7278  0.6112  0.010000
epoch:4 0.6326  0.9118  0.8008  -1.0000  0.5446  0.6767  0.0939  0.5726  0.7097  -1.0000  0.6496  0.7447  0.5753  0.010000
epoch:5 0.6457  0.9294  0.8193  -1.0000  0.5753  0.6830  0.0927  0.5757  0.7219  -1.0000  0.6736  0.7483  0.5544  0.010000
epoch:6 0.6335  0.9212  0.7983  -1.0000  0.5511  0.6708  0.0921  0.5701  0.7122  -1.0000  0.6878  0.7306  0.5310  0.010000
epoch:7 0.6518  0.9273  0.8274  -1.0000  0.5743  0.6909  0.0919  0.5797  0.7273  -1.0000  0.6888  0.7518  0.5199  0.010000
epoch:8 0.6507  0.9283  0.8302  -1.0000  0.5765  0.6878  0.0927  0.5807  0.7252  -1.0000  0.6818  0.7514  0.5050  0.010000
epoch:9 0.6498  0.9303  0.8220  -1.0000  0.5744  0.6891  0.0928  0.5785  0.7195  -1.0000  0.6655  0.7484  0.4876  0.010000
epoch:10 0.6685  0.9408  0.8448  -1.0000  0.5963  0.7053  0.0947  0.5894  0.7355  -1.0000  0.6956  0.7597  0.4377  0.001000
epoch:11 0.6706  0.9414  0.8532  -1.0000  0.5993  0.7081  0.0949  0.5917  0.7373  -1.0000  0.6920  0.7641  0.4360  0.001000
epoch:12 0.6683  0.9388  0.8484  -1.0000  0.5966  0.7059  0.0940  0.5902  0.7358  -1.0000  0.6951  0.7605  0.4343  0.001000
epoch:13 0.6711  0.9415  0.8495  -1.0000  0.5996  0.7082  0.0946  0.5921  0.7379  -1.0000  0.6952  0.7638  0.4323  0.001000
epoch:14 0.6713  0.9421  0.8527  -1.0000  0.5953  0.7103  0.0952  0.5904  0.7367  -1.0000  0.6891  0.7661  0.4313  0.001000
epoch:15 0.6716  0.9424  0.8486  -1.0000  0.5992  0.7105  0.0948  0.5932  0.7381  -1.0000  0.6954  0.7647  0.4311  0.001000
epoch:16 0.6697  0.9388  0.8503  -1.0000  0.5982  0.7072  0.0941  0.5916  0.7370  -1.0000  0.6947  0.7625  0.4280  0.001000
epoch:17 0.6716  0.9421  0.8508  -1.0000  0.5981  0.7106  0.0947  0.5928  0.7375  -1.0000  0.6932  0.7656  0.4280  0.001000
epoch:18 0.6716  0.9429  0.8513  -1.0000  0.5997  0.7096  0.0945  0.5930  0.7378  -1.0000  0.6983  0.7629  0.4275  0.001000
epoch:19 0.6714  0.9423  0.8503  -1.0000  0.5987  0.7093  0.0941  0.5924  0.7381  -1.0000  0.6949  0.7647  0.4264  0.001000
epoch:20 0.6721  0.9423  0.8511  -1.0000  0.5988  0.7099  0.0943  0.5925  0.7382  -1.0000  0.6982  0.7636  0.4198  0.000100
epoch:21 0.6703  0.9386  0.8486  -1.0000  0.5963  0.7090  0.0945  0.5925  0.7378  -1.0000  0.6949  0.7642  0.4192  0.000100
epoch:22 0.6705  0.9421  0.8512  -1.0000  0.5979  0.7088  0.0943  0.5920  0.7375  -1.0000  0.6965  0.7632  0.4187  0.000100
epoch:23 0.6702  0.9387  0.8508  -1.0000  0.5967  0.7094  0.0946  0.5919  0.7372  -1.0000  0.6948  0.7633  0.4203  0.000100
epoch:24 0.6709  0.9387  0.8513  -1.0000  0.5977  0.7095  0.0946  0.5923  0.7375  -1.0000  0.6943  0.7643  0.4179  0.000100
epoch:25 0.6706  0.9425  0.8512  -1.0000  0.5986  0.7091  0.0945  0.5922  0.7378  -1.0000  0.6979  0.7638  0.4190  0.000100
epoch:26 0.6713  0.9424  0.8509  -1.0000  0.5977  0.7098  0.0940  0.5929  0.7378  -1.0000  0.6973  0.7635  0.4191  0.000100
epoch:27 0.6721  0.9417  0.8510  -1.0000  0.6001  0.7102  0.0947  0.5927  0.7384  -1.0000  0.6952  0.7653  0.4170  0.000100
epoch:28 0.6701  0.9389  0.8497  -1.0000  0.5971  0.7086  0.0946  0.5927  0.7369  -1.0000  0.6950  0.7629  0.4204  0.000100
epoch:29 0.6708  0.9390  0.8506  -1.0000  0.5968  0.7099  0.0947  0.5926  0.7377  -1.0000  0.6958  0.7640  0.4172  0.000100
