epoch:0 0.2545  0.4443  0.2802  -1.0000  0.2409  0.2354  0.0543  0.4122  0.5941  -1.0000  0.5450  0.6166  1.2661  0.010000
epoch:1 0.5094  0.7975  0.6168  -1.0000  0.4183  0.5255  0.0830  0.5063  0.6530  -1.0000  0.5990  0.6741  0.9384  0.010000
epoch:2 0.5284  0.8056  0.6499  -1.0000  0.3610  0.5671  0.0864  0.5211  0.6771  -1.0000  0.6627  0.6846  0.8388  0.010000
epoch:3 0.5678  0.8620  0.6991  -1.0000  0.4392  0.5980  0.0885  0.5379  0.6775  -1.0000  0.6528  0.6890  0.7294  0.010000
epoch:4 0.5904  0.8698  0.7488  -1.0000  0.4932  0.6177  0.0901  0.5506  0.6951  -1.0000  0.6719  0.7065  0.6682  0.010000
epoch:5 0.5971  0.8662  0.7607  -1.0000  0.4978  0.6357  0.0923  0.5555  0.6925  -1.0000  0.6415  0.7219  0.6309  0.010000
epoch:6 0.6273  0.8978  0.7924  -1.0000  0.5448  0.6604  0.0924  0.5714  0.7173  -1.0000  0.6658  0.7418  0.6054  0.010000
epoch:7 0.6326  0.9084  0.8006  -1.0000  0.5247  0.6706  0.0923  0.5700  0.7190  -1.0000  0.6792  0.7388  0.5761  0.010000
epoch:8 0.6313  0.8995  0.7953  -1.0000  0.5323  0.6758  0.0932  0.5757  0.7222  -1.0000  0.6603  0.7572  0.5630  0.010000
epoch:9 0.6422  0.9115  0.8136  -1.0000  0.5509  0.6799  0.0935  0.5777  0.7271  -1.0000  0.6908  0.7499  0.5259  0.010000
epoch:10 0.6582  0.9221  0.8355  -1.0000  0.5690  0.6986  0.0949  0.5866  0.7345  -1.0000  0.6902  0.7613  0.4498  0.001000
epoch:11 0.6596  0.9250  0.8347  -1.0000  0.5781  0.6996  0.0950  0.5855  0.7337  -1.0000  0.6858  0.7620  0.4346  0.001000
epoch:12 0.6634  0.9270  0.8376  -1.0000  0.5801  0.7033  0.0953  0.5884  0.7355  -1.0000  0.6872  0.7641  0.4288  0.001000
epoch:13 0.6627  0.9266  0.8386  -1.0000  0.5758  0.7036  0.0953  0.5888  0.7351  -1.0000  0.6872  0.7648  0.4238  0.001000
epoch:14 0.6617  0.9280  0.8349  -1.0000  0.5792  0.7029  0.0960  0.5872  0.7321  -1.0000  0.6831  0.7614  0.4217  0.001000
epoch:15 0.6657  0.9288  0.8414  -1.0000  0.5823  0.7060  0.0955  0.5883  0.7357  -1.0000  0.6901  0.7628  0.4180  0.001000
epoch:16 0.6664  0.9300  0.8440  -1.0000  0.5864  0.7054  0.0955  0.5899  0.7349  -1.0000  0.6909  0.7619  0.4136  0.001000
epoch:17 0.6684  0.9324  0.8466  -1.0000  0.5903  0.7078  0.0952  0.5898  0.7355  -1.0000  0.6896  0.7629  0.4110  0.001000
epoch:18 0.6672  0.9312  0.8428  -1.0000  0.5878  0.7066  0.0953  0.5887  0.7348  -1.0000  0.6904  0.7619  0.4102  0.001000
epoch:19 0.6667  0.9288  0.8430  -1.0000  0.5869  0.7069  0.0959  0.5905  0.7335  -1.0000  0.6843  0.7618  0.4040  0.001000
epoch:20 0.6676  0.9320  0.8439  -1.0000  0.5872  0.7075  0.0962  0.5905  0.7346  -1.0000  0.6861  0.7633  0.3997  0.000100
epoch:21 0.6680  0.9323  0.8438  -1.0000  0.5868  0.7079  0.0961  0.5904  0.7346  -1.0000  0.6859  0.7632  0.3978  0.000100
epoch:22 0.6678  0.9326  0.8423  -1.0000  0.5873  0.7080  0.0961  0.5912  0.7347  -1.0000  0.6848  0.7641  0.3965  0.000100
epoch:23 0.6670  0.9326  0.8403  -1.0000  0.5876  0.7072  0.0962  0.5915  0.7342  -1.0000  0.6860  0.7634  0.3968  0.000100
epoch:24 0.6672  0.9325  0.8387  -1.0000  0.5862  0.7077  0.0963  0.5913  0.7342  -1.0000  0.6847  0.7635  0.3973  0.000100
epoch:25 0.6670  0.9325  0.8400  -1.0000  0.5872  0.7077  0.0960  0.5904  0.7339  -1.0000  0.6850  0.7632  0.3953  0.000100
epoch:26 0.6673  0.9325  0.8400  -1.0000  0.5875  0.7078  0.0961  0.5907  0.7341  -1.0000  0.6859  0.7632  0.3956  0.000100
epoch:27 0.6676  0.9327  0.8398  -1.0000  0.5861  0.7086  0.0962  0.5913  0.7340  -1.0000  0.6831  0.7645  0.3941  0.000100
epoch:28 0.6675  0.9325  0.8394  -1.0000  0.5871  0.7081  0.0961  0.5897  0.7349  -1.0000  0.6856  0.7645  0.3938  0.000100
epoch:29 0.6691  0.9326  0.8465  -1.0000  0.5877  0.7096  0.0964  0.5907  0.7350  -1.0000  0.6858  0.7645  0.3947  0.000100
