epoch:0 0.3281  0.6346  0.2969  -1.0000  0.2880  0.3169  0.0575  0.3798  0.5304  -1.0000  0.5048  0.5294  1.2083  0.001000
epoch:1 0.4420  0.7705  0.4821  -1.0000  0.3676  0.4523  0.0721  0.4433  0.6043  -1.0000  0.5775  0.6080  0.9672  0.001000
epoch:2 0.4860  0.8311  0.5495  -1.0000  0.3977  0.5095  0.0762  0.4746  0.6148  -1.0000  0.5760  0.6233  0.9471  0.001000
epoch:3 0.5302  0.8577  0.6321  -1.0000  0.4408  0.5543  0.0820  0.5060  0.6461  -1.0000  0.5955  0.6660  0.8784  0.001000
epoch:4 0.5515  0.8736  0.6741  -1.0000  0.4661  0.5796  0.0843  0.5186  0.6559  -1.0000  0.5975  0.6814  0.8229  0.001000
epoch:5 0.5628  0.8808  0.6798  -1.0000  0.4668  0.5941  0.0870  0.5232  0.6598  -1.0000  0.6159  0.6774  0.7871  0.001000
epoch:6 0.5741  0.8839  0.7113  -1.0000  0.4772  0.6088  0.0882  0.5314  0.6740  -1.0000  0.6385  0.6935  0.7507  0.001000
epoch:7 0.5808  0.8891  0.7195  -1.0000  0.4821  0.6147  0.0883  0.5350  0.6764  -1.0000  0.6485  0.6921  0.7237  0.001000
epoch:8 0.5971  0.9026  0.7450  -1.0000  0.5090  0.6319  0.0897  0.5439  0.6822  -1.0000  0.6416  0.7025  0.7005  0.001000
epoch:9 0.5984  0.8977  0.7568  -1.0000  0.5155  0.6352  0.0899  0.5469  0.6877  -1.0000  0.6365  0.7149  0.6829  0.001000
epoch:10 0.6089  0.9078  0.7694  -1.0000  0.5190  0.6452  0.0905  0.5511  0.6921  -1.0000  0.6496  0.7162  0.6505  0.000100
epoch:11 0.6113  0.9085  0.7765  -1.0000  0.5199  0.6488  0.0903  0.5529  0.6928  -1.0000  0.6471  0.7169  0.6407  0.000100
epoch:12 0.6114  0.9093  0.7703  -1.0000  0.5201  0.6486  0.0905  0.5527  0.6917  -1.0000  0.6478  0.7151  0.6378  0.000100
epoch:13 0.6147  0.9111  0.7775  -1.0000  0.5236  0.6519  0.0907  0.5549  0.6937  -1.0000  0.6517  0.7167  0.6367  0.000100
epoch:14 0.6136  0.9102  0.7757  -1.0000  0.5225  0.6519  0.0903  0.5552  0.6945  -1.0000  0.6499  0.7190  0.6388  0.000100
epoch:15 0.6135  0.9110  0.7718  -1.0000  0.5207  0.6510  0.0907  0.5544  0.6930  -1.0000  0.6492  0.7163  0.6331  0.000100
epoch:16 0.6141  0.9110  0.7721  -1.0000  0.5249  0.6513  0.0910  0.5549  0.6935  -1.0000  0.6497  0.7170  0.6321  0.000100
epoch:17 0.6153  0.9107  0.7751  -1.0000  0.5242  0.6525  0.0911  0.5562  0.6944  -1.0000  0.6519  0.7181  0.6307  0.000100
epoch:18 0.6136  0.9119  0.7718  -1.0000  0.5224  0.6502  0.0908  0.5547  0.6929  -1.0000  0.6563  0.7133  0.6280  0.000100
epoch:19 0.6149  0.9112  0.7737  -1.0000  0.5251  0.6533  0.0909  0.5553  0.6956  -1.0000  0.6529  0.7197  0.6280  0.000100
epoch:20 0.6156  0.9120  0.7752  -1.0000  0.5248  0.6548  0.0907  0.5563  0.6954  -1.0000  0.6510  0.7206  0.6239  0.000010
epoch:21 0.6163  0.9119  0.7761  -1.0000  0.5272  0.6551  0.0908  0.5567  0.6957  -1.0000  0.6535  0.7197  0.6238  0.000010
epoch:22 0.6159  0.9115  0.7743  -1.0000  0.5244  0.6539  0.0907  0.5562  0.6953  -1.0000  0.6538  0.7184  0.6234  0.000010
epoch:23 0.6169  0.9123  0.7759  -1.0000  0.5256  0.6559  0.0910  0.5565  0.6955  -1.0000  0.6532  0.7191  0.6213  0.000010
epoch:24 0.6162  0.9122  0.7752  -1.0000  0.5250  0.6545  0.0910  0.5561  0.6946  -1.0000  0.6508  0.7184  0.6239  0.000010
epoch:25 0.6162  0.9118  0.7754  -1.0000  0.5261  0.6553  0.0910  0.5565  0.6958  -1.0000  0.6526  0.7202  0.6228  0.000010
epoch:26 0.6166  0.9121  0.7774  -1.0000  0.5252  0.6556  0.0910  0.5567  0.6956  -1.0000  0.6540  0.7193  0.6213  0.000010
epoch:27 0.6158  0.9125  0.7755  -1.0000  0.5245  0.6546  0.0909  0.5562  0.6947  -1.0000  0.6524  0.7183  0.6244  0.000010
epoch:28 0.6161  0.9127  0.7746  -1.0000  0.5265  0.6544  0.0907  0.5563  0.6951  -1.0000  0.6534  0.7181  0.6213  0.000010
epoch:29 0.6159  0.9122  0.7768  -1.0000  0.5248  0.6554  0.0907  0.5570  0.6953  -1.0000  0.6532  0.7191  0.6204  0.000010
