epoch:0 0.1723  0.4515  0.0699  -1.0000  0.1451  0.2009  0.0357  0.2241  0.3537  -1.0000  0.3899  0.3078  1.3133  0.000100
epoch:1 0.3160  0.6481  0.2478  -1.0000  0.2745  0.3082  0.0517  0.3448  0.4732  -1.0000  0.4810  0.4379  0.8840  0.000100
epoch:2 0.3605  0.6971  0.3364  -1.0000  0.3089  0.3560  0.0549  0.3804  0.5217  -1.0000  0.5207  0.4823  0.8209  0.000100
epoch:3 0.3902  0.7430  0.3705  -1.0000  0.3158  0.3914  0.0643  0.4041  0.5335  -1.0000  0.5455  0.4894  0.8471  0.000100
epoch:4 0.4203  0.7746  0.4187  -1.0000  0.3559  0.4146  0.0654  0.4245  0.5565  -1.0000  0.5676  0.5154  0.8969  0.000100
epoch:5 0.4335  0.7825  0.4508  -1.0000  0.3835  0.4264  0.0682  0.4316  0.5572  -1.0000  0.5650  0.5238  0.8702  0.000100
epoch:6 0.4614  0.8104  0.4898  -1.0000  0.4153  0.4526  0.0698  0.4549  0.5870  -1.0000  0.5467  0.5830  0.8364  0.000100
epoch:7 0.4806  0.8280  0.5302  -1.0000  0.4231  0.4801  0.0741  0.4722  0.5981  -1.0000  0.5598  0.5965  0.8167  0.000100
epoch:8 0.4942  0.8392  0.5591  -1.0000  0.4225  0.5043  0.0747  0.4799  0.6119  -1.0000  0.5714  0.6112  0.8057  0.000100
epoch:9 0.5102  0.8469  0.5944  -1.0000  0.4390  0.5151  0.0779  0.4892  0.6243  -1.0000  0.5944  0.6238  0.7892  0.000100
epoch:10 0.5168  0.8518  0.6094  -1.0000  0.4387  0.5280  0.0789  0.4944  0.6316  -1.0000  0.5944  0.6318  0.7731  0.000010
epoch:11 0.5154  0.8477  0.5986  -1.0000  0.4360  0.5276  0.0798  0.4938  0.6319  -1.0000  0.6018  0.6286  0.7700  0.000010
epoch:12 0.5133  0.8467  0.6002  -1.0000  0.4366  0.5221  0.0787  0.4913  0.6295  -1.0000  0.5941  0.6289  0.7675  0.000010
epoch:13 0.5197  0.8511  0.6110  -1.0000  0.4434  0.5301  0.0798  0.4944  0.6342  -1.0000  0.6002  0.6319  0.7673  0.000010
epoch:14 0.5226  0.8527  0.6180  -1.0000  0.4419  0.5369  0.0792  0.4974  0.6358  -1.0000  0.5977  0.6375  0.7648  0.000010
epoch:15 0.5154  0.8466  0.6064  -1.0000  0.4307  0.5296  0.0784  0.4939  0.6309  -1.0000  0.5951  0.6307  0.7660  0.000010
epoch:16 0.5213  0.8526  0.6172  -1.0000  0.4432  0.5315  0.0792  0.4966  0.6348  -1.0000  0.6022  0.6339  0.7674  0.000010
epoch:17 0.5202  0.8503  0.6216  -1.0000  0.4408  0.5326  0.0789  0.4967  0.6348  -1.0000  0.5986  0.6343  0.7634  0.000010
epoch:18 0.5271  0.8583  0.6266  -1.0000  0.4499  0.5412  0.0791  0.5003  0.6374  -1.0000  0.6029  0.6380  0.7611  0.000010
epoch:19 0.5271  0.8546  0.6242  -1.0000  0.4520  0.5393  0.0804  0.4983  0.6364  -1.0000  0.5944  0.6412  0.7631  0.000010
epoch:20 0.5208  0.8496  0.6107  -1.0000  0.4403  0.5360  0.0797  0.4957  0.6329  -1.0000  0.5937  0.6355  0.7596  0.000001
epoch:21 0.5254  0.8563  0.6181  -1.0000  0.4456  0.5396  0.0800  0.4996  0.6370  -1.0000  0.5950  0.6408  0.7592  0.000001
epoch:22 0.5239  0.8544  0.6165  -1.0000  0.4466  0.5377  0.0805  0.4975  0.6363  -1.0000  0.5967  0.6384  0.7601  0.000001
epoch:23 0.5225  0.8531  0.6179  -1.0000  0.4464  0.5359  0.0803  0.4959  0.6339  -1.0000  0.6015  0.6323  0.7595  0.000001
epoch:24 0.5242  0.8529  0.6167  -1.0000  0.4460  0.5361  0.0797  0.4962  0.6369  -1.0000  0.6005  0.6381  0.7570  0.000001
epoch:25 0.5240  0.8520  0.6215  -1.0000  0.4449  0.5376  0.0812  0.4967  0.6357  -1.0000  0.6002  0.6349  0.7583  0.000001
epoch:26 0.5286  0.8582  0.6244  -1.0000  0.4539  0.5429  0.0806  0.4994  0.6397  -1.0000  0.6041  0.6416  0.7599  0.000001
epoch:27 0.5260  0.8551  0.6265  -1.0000  0.4512  0.5381  0.0790  0.4976  0.6359  -1.0000  0.6022  0.6356  0.7609  0.000001
epoch:28 0.5259  0.8536  0.6264  -1.0000  0.4495  0.5396  0.0812  0.4988  0.6394  -1.0000  0.6019  0.6405  0.7597  0.000001
epoch:29 0.5263  0.8540  0.6249  -1.0000  0.4463  0.5410  0.0804  0.4983  0.6394  -1.0000  0.6020  0.6402  0.7572  0.000001
