epoch:0 0.4649  0.8053  0.5093  -1.0000  0.4124  0.4605  0.0744  0.4715  0.6115  -1.0000  0.5560  0.6366  1.0774  0.005000
epoch:1 0.5572  0.8771  0.6861  -1.0000  0.4606  0.5901  0.0853  0.5185  0.6613  -1.0000  0.6281  0.6761  0.8333  0.005000
epoch:2 0.5933  0.8985  0.7335  -1.0000  0.5064  0.6340  0.0893  0.5461  0.6862  -1.0000  0.6312  0.7186  0.7215  0.005000
epoch:3 0.5928  0.8913  0.7353  -1.0000  0.4977  0.6261  0.0877  0.5445  0.6883  -1.0000  0.6618  0.7004  0.6540  0.005000
epoch:4 0.6264  0.9151  0.7927  -1.0000  0.5410  0.6666  0.0907  0.5644  0.7060  -1.0000  0.6668  0.7292  0.6209  0.005000
epoch:5 0.6391  0.9237  0.8122  -1.0000  0.5569  0.6784  0.0918  0.5705  0.7133  -1.0000  0.6640  0.7407  0.5882  0.005000
epoch:6 0.6344  0.9293  0.7976  -1.0000  0.5586  0.6739  0.0925  0.5700  0.7116  -1.0000  0.6548  0.7430  0.5612  0.005000
epoch:7 0.6384  0.9209  0.8076  -1.0000  0.5479  0.6787  0.0929  0.5755  0.7194  -1.0000  0.6692  0.7475  0.5446  0.005000
epoch:8 0.6449  0.9275  0.8055  -1.0000  0.5628  0.6898  0.0925  0.5759  0.7153  -1.0000  0.6567  0.7520  0.5316  0.005000
epoch:9 0.6556  0.9374  0.8287  -1.0000  0.5806  0.6954  0.0930  0.5821  0.7260  -1.0000  0.6792  0.7516  0.5120  0.005000
epoch:10 0.6644  0.9410  0.8418  -1.0000  0.5901  0.7017  0.0940  0.5856  0.7299  -1.0000  0.6902  0.7538  0.4777  0.000500
epoch:11 0.6631  0.9407  0.8425  -1.0000  0.5880  0.7018  0.0936  0.5852  0.7288  -1.0000  0.6879  0.7539  0.4714  0.000500
epoch:12 0.6632  0.9398  0.8390  -1.0000  0.5863  0.7021  0.0938  0.5853  0.7298  -1.0000  0.6834  0.7566  0.4686  0.000500
epoch:13 0.6609  0.9409  0.8375  -1.0000  0.5857  0.6985  0.0933  0.5850  0.7276  -1.0000  0.6851  0.7520  0.4689  0.000500
epoch:14 0.6615  0.9404  0.8405  -1.0000  0.5862  0.6997  0.0930  0.5842  0.7277  -1.0000  0.6832  0.7529  0.4688  0.000500
epoch:15 0.6632  0.9415  0.8366  -1.0000  0.5853  0.7030  0.0937  0.5856  0.7292  -1.0000  0.6816  0.7568  0.4682  0.000500
epoch:16 0.6614  0.9383  0.8409  -1.0000  0.5871  0.7009  0.0936  0.5850  0.7273  -1.0000  0.6829  0.7543  0.4642  0.000500
epoch:17 0.6642  0.9383  0.8420  -1.0000  0.5874  0.7041  0.0940  0.5861  0.7296  -1.0000  0.6840  0.7569  0.4637  0.000500
epoch:18 0.6626  0.9416  0.8410  -1.0000  0.5883  0.7013  0.0940  0.5863  0.7284  -1.0000  0.6841  0.7543  0.4616  0.000500
epoch:19 0.6627  0.9420  0.8395  -1.0000  0.5873  0.7025  0.0939  0.5858  0.7283  -1.0000  0.6829  0.7563  0.4595  0.000500
epoch:20 0.6632  0.9419  0.8385  -1.0000  0.5868  0.7028  0.0939  0.5852  0.7279  -1.0000  0.6833  0.7549  0.4564  0.000050
epoch:21 0.6634  0.9392  0.8392  -1.0000  0.5867  0.7038  0.0945  0.5859  0.7282  -1.0000  0.6814  0.7563  0.4540  0.000050
epoch:22 0.6629  0.9392  0.8389  -1.0000  0.5861  0.7032  0.0942  0.5855  0.7282  -1.0000  0.6815  0.7562  0.4556  0.000050
epoch:23 0.6626  0.9391  0.8383  -1.0000  0.5879  0.7024  0.0944  0.5856  0.7281  -1.0000  0.6834  0.7546  0.4548  0.000050
epoch:24 0.6628  0.9393  0.8386  -1.0000  0.5871  0.7027  0.0944  0.5857  0.7284  -1.0000  0.6822  0.7552  0.4547  0.000050
epoch:25 0.6628  0.9422  0.8387  -1.0000  0.5872  0.7028  0.0941  0.5857  0.7279  -1.0000  0.6819  0.7561  0.4549  0.000050
epoch:26 0.6621  0.9390  0.8399  -1.0000  0.5866  0.7029  0.0943  0.5859  0.7279  -1.0000  0.6818  0.7559  0.4544  0.000050
epoch:27 0.6631  0.9391  0.8392  -1.0000  0.5875  0.7026  0.0940  0.5853  0.7277  -1.0000  0.6818  0.7549  0.4539  0.000050
epoch:28 0.6622  0.9389  0.8393  -1.0000  0.5867  0.7023  0.0937  0.5853  0.7278  -1.0000  0.6809  0.7552  0.4548  0.000050
epoch:29 0.6622  0.9391  0.8393  -1.0000  0.5860  0.7027  0.0940  0.5854  0.7280  -1.0000  0.6808  0.7554  0.4531  0.000050
