epoch:0 0.4008  0.7089  0.4308  -1.0000  0.3241  0.3989  0.0637  0.4300  0.5841  -1.0000  0.5532  0.5796  1.1232  0.001000
epoch:1 0.4779  0.8143  0.5361  -1.0000  0.3871  0.5089  0.0775  0.4789  0.6152  -1.0000  0.5820  0.6181  0.9594  0.001000
epoch:2 0.5356  0.8437  0.6486  -1.0000  0.4489  0.5664  0.0834  0.5135  0.6576  -1.0000  0.6239  0.6730  0.8540  0.001000
epoch:3 0.5687  0.8703  0.7069  -1.0000  0.4713  0.6013  0.0866  0.5322  0.6661  -1.0000  0.6117  0.6874  0.7816  0.001000
epoch:4 0.5809  0.8797  0.7337  -1.0000  0.4925  0.6135  0.0893  0.5390  0.6781  -1.0000  0.6290  0.7024  0.7310  0.001000
epoch:5 0.5879  0.8819  0.7398  -1.0000  0.4952  0.6244  0.0890  0.5438  0.6871  -1.0000  0.6467  0.7063  0.6925  0.001000
epoch:6 0.5928  0.8810  0.7471  -1.0000  0.4829  0.6298  0.0891  0.5468  0.6872  -1.0000  0.6477  0.7065  0.6623  0.001000
epoch:7 0.6065  0.8953  0.7652  -1.0000  0.5219  0.6423  0.0899  0.5535  0.6938  -1.0000  0.6449  0.7172  0.6364  0.001000
epoch:8 0.6017  0.8974  0.7542  -1.0000  0.5184  0.6378  0.0902  0.5496  0.6892  -1.0000  0.6478  0.7070  0.6126  0.001000
epoch:9 0.6140  0.9058  0.7754  -1.0000  0.5267  0.6532  0.0915  0.5560  0.6963  -1.0000  0.6443  0.7261  0.6004  0.001000
epoch:10 0.6240  0.9068  0.7903  -1.0000  0.5411  0.6591  0.0922  0.5596  0.7036  -1.0000  0.6623  0.7253  0.5621  0.000100
epoch:11 0.6242  0.9086  0.7893  -1.0000  0.5354  0.6616  0.0920  0.5614  0.7034  -1.0000  0.6656  0.7240  0.5599  0.000100
epoch:12 0.6259  0.9086  0.7904  -1.0000  0.5389  0.6627  0.0923  0.5614  0.7040  -1.0000  0.6641  0.7256  0.5577  0.000100
epoch:13 0.6250  0.9078  0.7893  -1.0000  0.5411  0.6618  0.0922  0.5620  0.7041  -1.0000  0.6622  0.7264  0.5577  0.000100
epoch:14 0.6255  0.9095  0.7882  -1.0000  0.5427  0.6614  0.0920  0.5623  0.7035  -1.0000  0.6589  0.7266  0.5541  0.000100
epoch:15 0.6264  0.9080  0.7910  -1.0000  0.5436  0.6619  0.0920  0.5612  0.7041  -1.0000  0.6648  0.7241  0.5511  0.000100
epoch:16 0.6276  0.9106  0.7937  -1.0000  0.5453  0.6636  0.0918  0.5625  0.7043  -1.0000  0.6634  0.7254  0.5492  0.000100
epoch:17 0.6259  0.9063  0.7924  -1.0000  0.5361  0.6631  0.0915  0.5633  0.7055  -1.0000  0.6619  0.7276  0.5483  0.000100
epoch:18 0.6267  0.9089  0.7906  -1.0000  0.5429  0.6628  0.0910  0.5636  0.7052  -1.0000  0.6631  0.7276  0.5472  0.000100
epoch:19 0.6272  0.9100  0.7950  -1.0000  0.5451  0.6628  0.0919  0.5642  0.7048  -1.0000  0.6603  0.7269  0.5450  0.000100
epoch:20 0.6278  0.9096  0.7930  -1.0000  0.5450  0.6642  0.0924  0.5637  0.7050  -1.0000  0.6632  0.7264  0.5420  0.000010
epoch:21 0.6271  0.9103  0.7906  -1.0000  0.5459  0.6625  0.0920  0.5631  0.7041  -1.0000  0.6624  0.7257  0.5420  0.000010
epoch:22 0.6281  0.9102  0.7949  -1.0000  0.5475  0.6643  0.0924  0.5641  0.7055  -1.0000  0.6624  0.7284  0.5415  0.000010
epoch:23 0.6272  0.9108  0.7906  -1.0000  0.5480  0.6623  0.0920  0.5627  0.7049  -1.0000  0.6648  0.7262  0.5413  0.000010
epoch:24 0.6281  0.9109  0.7914  -1.0000  0.5446  0.6642  0.0923  0.5639  0.7055  -1.0000  0.6641  0.7269  0.5404  0.000010
epoch:25 0.6296  0.9109  0.7930  -1.0000  0.5458  0.6667  0.0922  0.5645  0.7061  -1.0000  0.6646  0.7287  0.5404  0.000010
epoch:26 0.6287  0.9109  0.7929  -1.0000  0.5476  0.6639  0.0926  0.5634  0.7057  -1.0000  0.6643  0.7266  0.5388  0.000010
epoch:27 0.6284  0.9098  0.7922  -1.0000  0.5439  0.6641  0.0924  0.5634  0.7055  -1.0000  0.6656  0.7262  0.5414  0.000010
epoch:28 0.6284  0.9112  0.7914  -1.0000  0.5465  0.6641  0.0922  0.5637  0.7047  -1.0000  0.6640  0.7257  0.5376  0.000010
epoch:29 0.6294  0.9109  0.7938  -1.0000  0.5455  0.6656  0.0922  0.5636  0.7056  -1.0000  0.6643  0.7266  0.5390  0.000010
