epoch:0 0.4236  0.7029  0.4948  -1.0000  0.3694  0.4308  0.0758  0.4557  0.5931  -1.0000  0.5321  0.6218  1.0970  0.010000
epoch:1 0.5807  0.8929  0.7175  -1.0000  0.5068  0.6150  0.0887  0.5399  0.6796  -1.0000  0.6329  0.6982  0.7645  0.010000
epoch:2 0.6193  0.9112  0.7837  -1.0000  0.5383  0.6523  0.0904  0.5610  0.7062  -1.0000  0.6636  0.7330  0.6549  0.010000
epoch:3 0.6057  0.9005  0.7636  -1.0000  0.5179  0.6444  0.0885  0.5574  0.6992  -1.0000  0.6474  0.7320  0.6048  0.010000
epoch:4 0.6227  0.9194  0.7835  -1.0000  0.5368  0.6631  0.0898  0.5623  0.7044  -1.0000  0.6783  0.7215  0.5747  0.010000
epoch:5 0.6345  0.9133  0.8039  -1.0000  0.5622  0.6682  0.0922  0.5733  0.7215  -1.0000  0.6733  0.7462  0.5419  0.010000
epoch:6 0.6538  0.9336  0.8308  -1.0000  0.5782  0.6866  0.0935  0.5794  0.7267  -1.0000  0.6942  0.7445  0.5278  0.010000
epoch:7 0.6509  0.9229  0.8315  -1.0000  0.5655  0.6872  0.0923  0.5800  0.7268  -1.0000  0.6910  0.7488  0.5055  0.010000
epoch:8 0.6497  0.9263  0.8219  -1.0000  0.5712  0.6862  0.0929  0.5802  0.7233  -1.0000  0.6846  0.7492  0.4927  0.010000
epoch:9 0.6562  0.9327  0.8312  -1.0000  0.5806  0.6959  0.0939  0.5805  0.7273  -1.0000  0.6724  0.7573  0.4795  0.010000
epoch:10 0.6674  0.9429  0.8516  -1.0000  0.5958  0.7034  0.0945  0.5882  0.7357  -1.0000  0.6966  0.7586  0.4402  0.001000
epoch:11 0.6698  0.9381  0.8584  -1.0000  0.5968  0.7079  0.0947  0.5897  0.7371  -1.0000  0.6933  0.7626  0.4320  0.001000
epoch:12 0.6703  0.9394  0.8546  -1.0000  0.5945  0.7100  0.0953  0.5891  0.7368  -1.0000  0.6897  0.7646  0.4272  0.001000
epoch:13 0.6716  0.9431  0.8532  -1.0000  0.5992  0.7096  0.0952  0.5896  0.7379  -1.0000  0.6956  0.7640  0.4288  0.001000
epoch:14 0.6677  0.9389  0.8477  -1.0000  0.5942  0.7055  0.0949  0.5880  0.7337  -1.0000  0.6944  0.7582  0.4282  0.001000
epoch:15 0.6710  0.9393  0.8526  -1.0000  0.5998  0.7084  0.0949  0.5908  0.7378  -1.0000  0.6957  0.7640  0.4245  0.001000
epoch:16 0.6687  0.9392  0.8492  -1.0000  0.5939  0.7072  0.0947  0.5893  0.7352  -1.0000  0.6931  0.7598  0.4239  0.001000
epoch:17 0.6713  0.9392  0.8545  -1.0000  0.5982  0.7098  0.0950  0.5902  0.7382  -1.0000  0.6957  0.7639  0.4209  0.001000
epoch:18 0.6654  0.9386  0.8439  -1.0000  0.5937  0.7027  0.0947  0.5877  0.7332  -1.0000  0.6929  0.7569  0.4186  0.001000
epoch:19 0.6701  0.9394  0.8554  -1.0000  0.5982  0.7086  0.0950  0.5901  0.7368  -1.0000  0.6931  0.7630  0.4183  0.001000
epoch:20 0.6706  0.9393  0.8538  -1.0000  0.5991  0.7089  0.0952  0.5906  0.7374  -1.0000  0.6960  0.7627  0.4164  0.000100
epoch:21 0.6713  0.9428  0.8537  -1.0000  0.5993  0.7087  0.0950  0.5906  0.7372  -1.0000  0.6957  0.7626  0.4143  0.000100
epoch:22 0.6703  0.9393  0.8542  -1.0000  0.5992  0.7074  0.0949  0.5903  0.7369  -1.0000  0.6950  0.7620  0.4120  0.000100
epoch:23 0.6699  0.9392  0.8540  -1.0000  0.5970  0.7063  0.0952  0.5898  0.7363  -1.0000  0.6945  0.7609  0.4142  0.000100
epoch:24 0.6704  0.9391  0.8540  -1.0000  0.5986  0.7077  0.0951  0.5905  0.7373  -1.0000  0.6934  0.7634  0.4129  0.000100
epoch:25 0.6690  0.9392  0.8525  -1.0000  0.5969  0.7056  0.0951  0.5895  0.7358  -1.0000  0.6927  0.7612  0.4137  0.000100
epoch:26 0.6692  0.9389  0.8495  -1.0000  0.5982  0.7071  0.0952  0.5900  0.7363  -1.0000  0.6955  0.7616  0.4157  0.000100
epoch:27 0.6689  0.9393  0.8491  -1.0000  0.5972  0.7061  0.0949  0.5901  0.7362  -1.0000  0.6947  0.7618  0.4141  0.000100
epoch:28 0.6690  0.9421  0.8533  -1.0000  0.5980  0.7050  0.0949  0.5902  0.7362  -1.0000  0.6954  0.7612  0.4125  0.000100
epoch:29 0.6697  0.9423  0.8542  -1.0000  0.5978  0.7070  0.0951  0.5910  0.7371  -1.0000  0.6957  0.7625  0.4129  0.000100
epoch:30 0.6693  0.9391  0.8541  -1.0000  0.5988  0.7062  0.0950  0.5905  0.7364  -1.0000  0.6941  0.7618  0.4117  0.000010
epoch:31 0.6694  0.9392  0.8536  -1.0000  0.5975  0.7075  0.0950  0.5900  0.7363  -1.0000  0.6934  0.7623  0.4121  0.000010
epoch:32 0.6698  0.9423  0.8541  -1.0000  0.5981  0.7073  0.0951  0.5907  0.7370  -1.0000  0.6953  0.7623  0.4131  0.000010
epoch:33 0.6692  0.9389  0.8502  -1.0000  0.5987  0.7065  0.0949  0.5904  0.7366  -1.0000  0.6951  0.7620  0.4129  0.000010
epoch:34 0.6693  0.9387  0.8536  -1.0000  0.5981  0.7065  0.0951  0.5901  0.7364  -1.0000  0.6949  0.7619  0.4139  0.000010
epoch:35 0.6693  0.9390  0.8535  -1.0000  0.5982  0.7061  0.0950  0.5904  0.7364  -1.0000  0.6944  0.7620  0.4111  0.000010
epoch:36 0.6699  0.9391  0.8543  -1.0000  0.5977  0.7078  0.0949  0.5903  0.7369  -1.0000  0.6946  0.7622  0.4136  0.000010
epoch:37 0.6695  0.9389  0.8528  -1.0000  0.5974  0.7075  0.0947  0.5903  0.7365  -1.0000  0.6946  0.7621  0.4119  0.000010
epoch:38 0.6690  0.9388  0.8537  -1.0000  0.5989  0.7065  0.0950  0.5903  0.7364  -1.0000  0.6932  0.7622  0.4120  0.000010
epoch:39 0.6704  0.9423  0.8539  -1.0000  0.5994  0.7083  0.0950  0.5908  0.7372  -1.0000  0.6958  0.7630  0.4127  0.000010
epoch:40 0.6692  0.9390  0.8504  -1.0000  0.5985  0.7071  0.0950  0.5904  0.7365  -1.0000  0.6942  0.7623  0.4119  0.000001
epoch:41 0.6693  0.9390  0.8506  -1.0000  0.5988  0.7066  0.0951  0.5902  0.7363  -1.0000  0.6936  0.7618  0.4126  0.000001
epoch:42 0.6695  0.9387  0.8533  -1.0000  0.5978  0.7067  0.0950  0.5900  0.7365  -1.0000  0.6942  0.7621  0.4131  0.000001
epoch:43 0.6701  0.9391  0.8529  -1.0000  0.5973  0.7073  0.0951  0.5903  0.7363  -1.0000  0.6935  0.7621  0.4114  0.000001
epoch:44 0.6691  0.9389  0.8502  -1.0000  0.5979  0.7073  0.0950  0.5902  0.7362  -1.0000  0.6935  0.7619  0.4127  0.000001
epoch:45 0.6698  0.9389  0.8536  -1.0000  0.5969  0.7077  0.0950  0.5900  0.7364  -1.0000  0.6932  0.7622  0.4126  0.000001
epoch:46 0.6693  0.9391  0.8505  -1.0000  0.5978  0.7077  0.0950  0.5904  0.7365  -1.0000  0.6943  0.7624  0.4147  0.000001
epoch:47 0.6695  0.9389  0.8535  -1.0000  0.5976  0.7067  0.0950  0.5903  0.7366  -1.0000  0.6944  0.7623  0.4124  0.000001
epoch:48 0.6691  0.9390  0.8499  -1.0000  0.5984  0.7067  0.0950  0.5904  0.7364  -1.0000  0.6946  0.7620  0.4117  0.000001
epoch:49 0.6693  0.9389  0.8496  -1.0000  0.5970  0.7077  0.0951  0.5902  0.7363  -1.0000  0.6942  0.7621  0.4114  0.000001
epoch:50 0.6693  0.9388  0.8499  -1.0000  0.5986  0.7067  0.0950  0.5903  0.7360  -1.0000  0.6935  0.7614  0.4119  0.000000
epoch:51 0.6698  0.9390  0.8529  -1.0000  0.5970  0.7081  0.0951  0.5905  0.7368  -1.0000  0.6948  0.7624  0.4116  0.000000
epoch:52 0.6696  0.9390  0.8507  -1.0000  0.5970  0.7078  0.0951  0.5904  0.7367  -1.0000  0.6940  0.7625  0.4118  0.000000
epoch:53 0.6695  0.9390  0.8511  -1.0000  0.5978  0.7075  0.0950  0.5906  0.7368  -1.0000  0.6946  0.7626  0.4134  0.000000
epoch:54 0.6691  0.9390  0.8504  -1.0000  0.5984  0.7073  0.0951  0.5904  0.7363  -1.0000  0.6947  0.7621  0.4101  0.000000
epoch:55 0.6694  0.9390  0.8502  -1.0000  0.5966  0.7079  0.0949  0.5898  0.7361  -1.0000  0.6929  0.7621  0.4114  0.000000
epoch:56 0.6693  0.9422  0.8507  -1.0000  0.5977  0.7069  0.0951  0.5904  0.7364  -1.0000  0.6954  0.7617  0.4128  0.000000
epoch:57 0.6691  0.9390  0.8499  -1.0000  0.5988  0.7071  0.0950  0.5903  0.7364  -1.0000  0.6950  0.7621  0.4107  0.000000
epoch:58 0.6695  0.9391  0.8501  -1.0000  0.5978  0.7075  0.0952  0.5903  0.7363  -1.0000  0.6939  0.7622  0.4107  0.000000
epoch:59 0.6694  0.9390  0.8536  -1.0000  0.5973  0.7074  0.0950  0.5899  0.7364  -1.0000  0.6935  0.7622  0.4116  0.000000
epoch:60 0.6688  0.9390  0.8494  -1.0000  0.5983  0.7067  0.0950  0.5905  0.7365  -1.0000  0.6949  0.7620  0.4119  0.000000
epoch:61 0.6692  0.9391  0.8496  -1.0000  0.5980  0.7073  0.0950  0.5900  0.7364  -1.0000  0.6945  0.7620  0.4110  0.000000
epoch:62 0.6702  0.9423  0.8533  -1.0000  0.5979  0.7080  0.0950  0.5907  0.7367  -1.0000  0.6952  0.7624  0.4102  0.000000
epoch:63 0.6694  0.9391  0.8497  -1.0000  0.5977  0.7079  0.0951  0.5904  0.7367  -1.0000  0.6938  0.7626  0.4128  0.000000
epoch:64 0.6690  0.9390  0.8498  -1.0000  0.5979  0.7066  0.0951  0.5898  0.7361  -1.0000  0.6937  0.7617  0.4120  0.000000
epoch:65 0.6695  0.9387  0.8527  -1.0000  0.5972  0.7068  0.0950  0.5899  0.7360  -1.0000  0.6930  0.7614  0.4100  0.000000
epoch:66 0.6696  0.9421  0.8486  -1.0000  0.5983  0.7071  0.0950  0.5902  0.7368  -1.0000  0.6958  0.7623  0.4125  0.000000
epoch:67 0.6699  0.9391  0.8535  -1.0000  0.5972  0.7081  0.0951  0.5901  0.7366  -1.0000  0.6938  0.7625  0.4111  0.000000
epoch:68 0.6692  0.9390  0.8503  -1.0000  0.5978  0.7059  0.0950  0.5897  0.7361  -1.0000  0.6936  0.7618  0.4120  0.000000
epoch:69 0.6698  0.9390  0.8504  -1.0000  0.5974  0.7081  0.0951  0.5905  0.7369  -1.0000  0.6940  0.7627  0.4110  0.000000
epoch:70 0.6697  0.9388  0.8533  -1.0000  0.5971  0.7080  0.0951  0.5901  0.7364  -1.0000  0.6934  0.7621  0.4115  0.000000
epoch:71 0.6691  0.9389  0.8506  -1.0000  0.5977  0.7066  0.0951  0.5903  0.7363  -1.0000  0.6948  0.7618  0.4124  0.000000
epoch:72 0.6698  0.9388  0.8541  -1.0000  0.5978  0.7069  0.0951  0.5900  0.7364  -1.0000  0.6934  0.7623  0.4122  0.000000
epoch:73 0.6695  0.9390  0.8502  -1.0000  0.5968  0.7079  0.0950  0.5898  0.7364  -1.0000  0.6938  0.7625  0.4115  0.000000
epoch:74 0.6692  0.9388  0.8498  -1.0000  0.5967  0.7075  0.0950  0.5900  0.7363  -1.0000  0.6935  0.7624  0.4118  0.000000
epoch:75 0.6699  0.9423  0.8503  -1.0000  0.5978  0.7076  0.0950  0.5901  0.7367  -1.0000  0.6949  0.7626  0.4122  0.000000
epoch:76 0.6693  0.9389  0.8501  -1.0000  0.5971  0.7072  0.0950  0.5898  0.7361  -1.0000  0.6927  0.7621  0.4133  0.000000
epoch:77 0.6693  0.9389  0.8497  -1.0000  0.5984  0.7066  0.0951  0.5899  0.7364  -1.0000  0.6940  0.7618  0.4115  0.000000
epoch:78 0.6703  0.9390  0.8532  -1.0000  0.5981  0.7084  0.0951  0.5907  0.7366  -1.0000  0.6936  0.7626  0.4126  0.000000
epoch:79 0.6697  0.9390  0.8512  -1.0000  0.5987  0.7071  0.0950  0.5906  0.7368  -1.0000  0.6945  0.7626  0.4121  0.000000
epoch:80 0.6695  0.9391  0.8506  -1.0000  0.5980  0.7072  0.0952  0.5907  0.7366  -1.0000  0.6949  0.7621  0.4119  0.000000
epoch:81 0.6692  0.9386  0.8497  -1.0000  0.5972  0.7062  0.0951  0.5899  0.7362  -1.0000  0.6942  0.7613  0.4129  0.000000
epoch:82 0.6695  0.9391  0.8504  -1.0000  0.5974  0.7078  0.0949  0.5904  0.7363  -1.0000  0.6939  0.7621  0.4118  0.000000
epoch:83 0.6695  0.9389  0.8531  -1.0000  0.5983  0.7070  0.0949  0.5898  0.7364  -1.0000  0.6941  0.7620  0.4116  0.000000
epoch:84 0.6694  0.9390  0.8517  -1.0000  0.5974  0.7072  0.0951  0.5904  0.7365  -1.0000  0.6940  0.7621  0.4121  0.000000
epoch:85 0.6690  0.9391  0.8503  -1.0000  0.5979  0.7072  0.0951  0.5898  0.7360  -1.0000  0.6934  0.7620  0.4133  0.000000
epoch:86 0.6691  0.9390  0.8507  -1.0000  0.5984  0.7066  0.0950  0.5898  0.7360  -1.0000  0.6937  0.7617  0.4126  0.000000
epoch:87 0.6694  0.9424  0.8502  -1.0000  0.5981  0.7073  0.0950  0.5903  0.7365  -1.0000  0.6950  0.7620  0.4127  0.000000
epoch:88 0.6691  0.9388  0.8495  -1.0000  0.5977  0.7074  0.0949  0.5902  0.7361  -1.0000  0.6932  0.7620  0.4129  0.000000
epoch:89 0.6695  0.9387  0.8527  -1.0000  0.5976  0.7072  0.0950  0.5899  0.7363  -1.0000  0.6940  0.7620  0.4123  0.000000
epoch:90 0.6696  0.9424  0.8500  -1.0000  0.5978  0.7076  0.0949  0.5903  0.7368  -1.0000  0.6950  0.7622  0.4109  0.000000
epoch:91 0.6697  0.9388  0.8502  -1.0000  0.5984  0.7074  0.0951  0.5904  0.7366  -1.0000  0.6949  0.7622  0.4126  0.000000
epoch:92 0.6690  0.9390  0.8505  -1.0000  0.5977  0.7071  0.0951  0.5900  0.7361  -1.0000  0.6929  0.7623  0.4126  0.000000
epoch:93 0.6688  0.9387  0.8528  -1.0000  0.5983  0.7063  0.0947  0.5897  0.7361  -1.0000  0.6939  0.7617  0.4113  0.000000
epoch:94 0.6700  0.9422  0.8528  -1.0000  0.5976  0.7076  0.0949  0.5911  0.7372  -1.0000  0.6961  0.7626  0.4123  0.000000
epoch:95 0.6694  0.9389  0.8504  -1.0000  0.5984  0.7069  0.0950  0.5903  0.7362  -1.0000  0.6935  0.7622  0.4121  0.000000
epoch:96 0.6698  0.9422  0.8527  -1.0000  0.5978  0.7071  0.0950  0.5905  0.7366  -1.0000  0.6959  0.7619  0.4122  0.000000
epoch:97 0.6690  0.9390  0.8497  -1.0000  0.5968  0.7071  0.0947  0.5897  0.7359  -1.0000  0.6936  0.7618  0.4127  0.000000
epoch:98 0.6694  0.9389  0.8503  -1.0000  0.5980  0.7068  0.0950  0.5900  0.7365  -1.0000  0.6943  0.7620  0.4124  0.000000
epoch:99 0.6693  0.9392  0.8494  -1.0000  0.5980  0.7067  0.0951  0.5901  0.7361  -1.0000  0.6934  0.7620  0.4135  0.000000
epoch:100 0.6687  0.9389  0.8501  -1.0000  0.5975  0.7063  0.0951  0.5899  0.7361  -1.0000  0.6943  0.7615  0.4130  0.000000
epoch:101 0.6696  0.9390  0.8529  -1.0000  0.5978  0.7076  0.0950  0.5901  0.7368  -1.0000  0.6948  0.7626  0.4116  0.000000
epoch:102 0.6700  0.9388  0.8525  -1.0000  0.5976  0.7073  0.0950  0.5899  0.7366  -1.0000  0.6944  0.7621  0.4124  0.000000
epoch:103 0.6698  0.9389  0.8531  -1.0000  0.5977  0.7079  0.0951  0.5902  0.7365  -1.0000  0.6944  0.7622  0.4119  0.000000
epoch:104 0.6697  0.9389  0.8527  -1.0000  0.5978  0.7074  0.0948  0.5899  0.7365  -1.0000  0.6947  0.7622  0.4119  0.000000
epoch:105 0.6695  0.9389  0.8534  -1.0000  0.5981  0.7065  0.0951  0.5901  0.7362  -1.0000  0.6943  0.7614  0.4105  0.000000
epoch:106 0.6699  0.9391  0.8508  -1.0000  0.5978  0.7081  0.0951  0.5905  0.7369  -1.0000  0.6945  0.7625  0.4125  0.000000
epoch:107 0.6704  0.9422  0.8529  -1.0000  0.5984  0.7077  0.0950  0.5908  0.7369  -1.0000  0.6958  0.7622  0.4110  0.000000
epoch:108 0.6695  0.9388  0.8535  -1.0000  0.5972  0.7070  0.0951  0.5902  0.7363  -1.0000  0.6934  0.7622  0.4133  0.000000
epoch:109 0.6689  0.9390  0.8500  -1.0000  0.5973  0.7072  0.0951  0.5898  0.7360  -1.0000  0.6917  0.7625  0.4110  0.000000
epoch:110 0.6690  0.9389  0.8501  -1.0000  0.5962  0.7070  0.0951  0.5897  0.7360  -1.0000  0.6931  0.7621  0.4123  0.000000
epoch:111 0.6695  0.9390  0.8535  -1.0000  0.5967  0.7079  0.0949  0.5898  0.7362  -1.0000  0.6938  0.7620  0.4114  0.000000
epoch:112 0.6690  0.9390  0.8506  -1.0000  0.5981  0.7068  0.0951  0.5899  0.7358  -1.0000  0.6934  0.7615  0.4121  0.000000
epoch:113 0.6696  0.9390  0.8525  -1.0000  0.5975  0.7079  0.0951  0.5903  0.7367  -1.0000  0.6947  0.7624  0.4125  0.000000
epoch:114 0.6695  0.9388  0.8530  -1.0000  0.5983  0.7072  0.0949  0.5903  0.7365  -1.0000  0.6946  0.7620  0.4127  0.000000
epoch:115 0.6699  0.9423  0.8503  -1.0000  0.5985  0.7076  0.0950  0.5905  0.7368  -1.0000  0.6957  0.7621  0.4115  0.000000
epoch:116 0.6704  0.9390  0.8540  -1.0000  0.5980  0.7086  0.0951  0.5902  0.7366  -1.0000  0.6937  0.7628  0.4125  0.000000
epoch:117 0.6693  0.9388  0.8530  -1.0000  0.5974  0.7073  0.0948  0.5902  0.7366  -1.0000  0.6943  0.7625  0.4132  0.000000
epoch:118 0.6699  0.9421  0.8495  -1.0000  0.5980  0.7079  0.0950  0.5906  0.7370  -1.0000  0.6961  0.7626  0.4135  0.000000
epoch:119 0.6692  0.9390  0.8503  -1.0000  0.5984  0.7066  0.0949  0.5900  0.7363  -1.0000  0.6944  0.7617  0.4128  0.000000
epoch:120 0.6689  0.9391  0.8502  -1.0000  0.5970  0.7066  0.0951  0.5898  0.7358  -1.0000  0.6921  0.7619  0.4118  0.000000
epoch:121 0.6698  0.9390  0.8534  -1.0000  0.5981  0.7075  0.0950  0.5905  0.7367  -1.0000  0.6946  0.7627  0.4130  0.000000
epoch:122 0.6697  0.9389  0.8528  -1.0000  0.5985  0.7077  0.0950  0.5902  0.7366  -1.0000  0.6948  0.7621  0.4127  0.000000
epoch:123 0.6703  0.9424  0.8503  -1.0000  0.5996  0.7077  0.0950  0.5909  0.7370  -1.0000  0.6965  0.7621  0.4119  0.000000
epoch:124 0.6696  0.9391  0.8502  -1.0000  0.5979  0.7079  0.0951  0.5907  0.7367  -1.0000  0.6946  0.7625  0.4128  0.000000
epoch:125 0.6701  0.9389  0.8546  -1.0000  0.5976  0.7077  0.0951  0.5905  0.7365  -1.0000  0.6943  0.7622  0.4100  0.000000
epoch:126 0.6698  0.9423  0.8502  -1.0000  0.5979  0.7075  0.0950  0.5906  0.7365  -1.0000  0.6954  0.7617  0.4118  0.000000
epoch:127 0.6691  0.9389  0.8498  -1.0000  0.5966  0.7075  0.0950  0.5900  0.7361  -1.0000  0.6932  0.7619  0.4118  0.000000
epoch:128 0.6693  0.9389  0.8500  -1.0000  0.5972  0.7074  0.0950  0.5901  0.7365  -1.0000  0.6944  0.7621  0.4130  0.000000
epoch:129 0.6700  0.9424  0.8506  -1.0000  0.5974  0.7084  0.0950  0.5905  0.7368  -1.0000  0.6954  0.7624  0.4096  0.000000
epoch:130 0.6695  0.9389  0.8534  -1.0000  0.5989  0.7069  0.0952  0.5903  0.7365  -1.0000  0.6944  0.7621  0.4119  0.000000
epoch:131 0.6697  0.9389  0.8533  -1.0000  0.5975  0.7075  0.0949  0.5901  0.7362  -1.0000  0.6935  0.7622  0.4119  0.000000
epoch:132 0.6691  0.9389  0.8538  -1.0000  0.5969  0.7075  0.0949  0.5901  0.7365  -1.0000  0.6943  0.7623  0.4108  0.000000
epoch:133 0.6688  0.9388  0.8504  -1.0000  0.5977  0.7061  0.0948  0.5898  0.7359  -1.0000  0.6930  0.7616  0.4124  0.000000
epoch:134 0.6697  0.9388  0.8530  -1.0000  0.5979  0.7073  0.0950  0.5903  0.7366  -1.0000  0.6937  0.7625  0.4108  0.000000
epoch:135 0.6692  0.9390  0.8503  -1.0000  0.5980  0.7075  0.0948  0.5904  0.7366  -1.0000  0.6946  0.7623  0.4127  0.000000
epoch:136 0.6690  0.9390  0.8528  -1.0000  0.5966  0.7065  0.0947  0.5897  0.7360  -1.0000  0.6936  0.7619  0.4116  0.000000
epoch:137 0.6698  0.9387  0.8534  -1.0000  0.5984  0.7076  0.0951  0.5908  0.7368  -1.0000  0.6954  0.7626  0.4105  0.000000
epoch:138 0.6694  0.9390  0.8527  -1.0000  0.5975  0.7076  0.0949  0.5901  0.7365  -1.0000  0.6946  0.7625  0.4127  0.000000
epoch:139 0.6694  0.9389  0.8526  -1.0000  0.5966  0.7073  0.0950  0.5900  0.7361  -1.0000  0.6937  0.7620  0.4123  0.000000
epoch:140 0.6696  0.9388  0.8530  -1.0000  0.5989  0.7072  0.0951  0.5904  0.7367  -1.0000  0.6953  0.7623  0.4124  0.000000
epoch:141 0.6701  0.9390  0.8535  -1.0000  0.5983  0.7076  0.0950  0.5904  0.7369  -1.0000  0.6951  0.7623  0.4126  0.000000
epoch:142 0.6693  0.9390  0.8531  -1.0000  0.5968  0.7074  0.0949  0.5902  0.7364  -1.0000  0.6932  0.7624  0.4119  0.000000
epoch:143 0.6688  0.9389  0.8501  -1.0000  0.5971  0.7070  0.0951  0.5896  0.7360  -1.0000  0.6931  0.7618  0.4126  0.000000
epoch:144 0.6705  0.9390  0.8534  -1.0000  0.5979  0.7087  0.0951  0.5907  0.7369  -1.0000  0.6936  0.7631  0.4138  0.000000
epoch:145 0.6696  0.9388  0.8534  -1.0000  0.5976  0.7066  0.0950  0.5904  0.7367  -1.0000  0.6945  0.7623  0.4136  0.000000
epoch:146 0.6694  0.9388  0.8502  -1.0000  0.5985  0.7069  0.0950  0.5904  0.7364  -1.0000  0.6950  0.7616  0.4125  0.000000
epoch:147 0.6696  0.9389  0.8500  -1.0000  0.5983  0.7077  0.0949  0.5903  0.7365  -1.0000  0.6938  0.7624  0.4118  0.000000
epoch:148 0.6696  0.9388  0.8527  -1.0000  0.5975  0.7070  0.0950  0.5898  0.7365  -1.0000  0.6938  0.7624  0.4119  0.000000
epoch:149 0.6690  0.9392  0.8500  -1.0000  0.5983  0.7072  0.0950  0.5904  0.7366  -1.0000  0.6947  0.7625  0.4125  0.000000
epoch:150 0.6694  0.9390  0.8506  -1.0000  0.5990  0.7069  0.0950  0.5907  0.7369  -1.0000  0.6957  0.7625  0.4119  0.000000
epoch:151 0.6694  0.9387  0.8504  -1.0000  0.5985  0.7065  0.0952  0.5899  0.7363  -1.0000  0.6937  0.7618  0.4107  0.000000
epoch:152 0.6699  0.9388  0.8532  -1.0000  0.5976  0.7070  0.0949  0.5902  0.7364  -1.0000  0.6940  0.7623  0.4110  0.000000
epoch:153 0.6696  0.9389  0.8535  -1.0000  0.5981  0.7070  0.0950  0.5900  0.7364  -1.0000  0.6936  0.7623  0.4121  0.000000
epoch:154 0.6701  0.9391  0.8539  -1.0000  0.5981  0.7078  0.0951  0.5904  0.7368  -1.0000  0.6940  0.7627  0.4123  0.000000
epoch:155 0.6694  0.9390  0.8533  -1.0000  0.5979  0.7070  0.0949  0.5902  0.7364  -1.0000  0.6946  0.7619  0.4136  0.000000
epoch:156 0.6697  0.9390  0.8533  -1.0000  0.5975  0.7074  0.0950  0.5897  0.7362  -1.0000  0.6931  0.7622  0.4122  0.000000
epoch:157 0.6689  0.9389  0.8503  -1.0000  0.5988  0.7063  0.0950  0.5902  0.7363  -1.0000  0.6944  0.7618  0.4112  0.000000
epoch:158 0.6696  0.9389  0.8531  -1.0000  0.5975  0.7075  0.0951  0.5901  0.7365  -1.0000  0.6943  0.7621  0.4144  0.000000
epoch:159 0.6694  0.9388  0.8518  -1.0000  0.5975  0.7060  0.0950  0.5899  0.7360  -1.0000  0.6931  0.7615  0.4150  0.000000
epoch:160 0.6692  0.9388  0.8504  -1.0000  0.5972  0.7077  0.0949  0.5901  0.7363  -1.0000  0.6924  0.7622  0.4120  0.000000
epoch:161 0.6694  0.9423  0.8488  -1.0000  0.5983  0.7072  0.0950  0.5906  0.7366  -1.0000  0.6956  0.7621  0.4120  0.000000
epoch:162 0.6699  0.9390  0.8535  -1.0000  0.5982  0.7085  0.0950  0.5908  0.7365  -1.0000  0.6941  0.7626  0.4114  0.000000
epoch:163 0.6697  0.9421  0.8537  -1.0000  0.5980  0.7063  0.0950  0.5905  0.7366  -1.0000  0.6949  0.7620  0.4131  0.000000
epoch:164 0.6687  0.9388  0.8504  -1.0000  0.5979  0.7061  0.0951  0.5899  0.7359  -1.0000  0.6932  0.7615  0.4118  0.000000
epoch:165 0.6692  0.9423  0.8497  -1.0000  0.5975  0.7072  0.0950  0.5901  0.7364  -1.0000  0.6946  0.7624  0.4135  0.000000
epoch:166 0.6698  0.9389  0.8532  -1.0000  0.5987  0.7073  0.0950  0.5906  0.7368  -1.0000  0.6942  0.7622  0.4123  0.000000
epoch:167 0.6695  0.9391  0.8503  -1.0000  0.5970  0.7077  0.0950  0.5898  0.7360  -1.0000  0.6936  0.7617  0.4145  0.000000
epoch:168 0.6700  0.9391  0.8539  -1.0000  0.5976  0.7071  0.0950  0.5901  0.7363  -1.0000  0.6932  0.7621  0.4123  0.000000
epoch:169 0.6696  0.9392  0.8504  -1.0000  0.5989  0.7075  0.0951  0.5905  0.7366  -1.0000  0.6949  0.7619  0.4121  0.000000
epoch:170 0.6690  0.9389  0.8494  -1.0000  0.5977  0.7072  0.0950  0.5901  0.7362  -1.0000  0.6943  0.7618  0.4110  0.000000
epoch:171 0.6698  0.9422  0.8526  -1.0000  0.5970  0.7079  0.0950  0.5905  0.7367  -1.0000  0.6952  0.7625  0.4107  0.000000
epoch:172 0.6689  0.9390  0.8501  -1.0000  0.5980  0.7065  0.0951  0.5903  0.7360  -1.0000  0.6941  0.7617  0.4122  0.000000
epoch:173 0.6689  0.9390  0.8501  -1.0000  0.5976  0.7071  0.0949  0.5901  0.7361  -1.0000  0.6944  0.7617  0.4114  0.000000
epoch:174 0.6691  0.9387  0.8530  -1.0000  0.5978  0.7070  0.0950  0.5900  0.7358  -1.0000  0.6938  0.7615  0.4133  0.000000
epoch:175 0.6698  0.9389  0.8537  -1.0000  0.5983  0.7068  0.0951  0.5904  0.7365  -1.0000  0.6948  0.7622  0.4120  0.000000
epoch:176 0.6698  0.9387  0.8529  -1.0000  0.5973  0.7084  0.0950  0.5905  0.7365  -1.0000  0.6940  0.7625  0.4096  0.000000
epoch:177 0.6696  0.9389  0.8539  -1.0000  0.5974  0.7068  0.0950  0.5904  0.7365  -1.0000  0.6948  0.7620  0.4114  0.000000
epoch:178 0.6693  0.9391  0.8499  -1.0000  0.5979  0.7071  0.0950  0.5902  0.7362  -1.0000  0.6942  0.7621  0.4111  0.000000
epoch:179 0.6703  0.9424  0.8544  -1.0000  0.5978  0.7084  0.0951  0.5907  0.7369  -1.0000  0.6956  0.7626  0.4113  0.000000
epoch:180 0.6689  0.9387  0.8499  -1.0000  0.5977  0.7060  0.0951  0.5897  0.7359  -1.0000  0.6940  0.7614  0.4125  0.000000
epoch:181 0.6694  0.9390  0.8503  -1.0000  0.5979  0.7075  0.0950  0.5904  0.7363  -1.0000  0.6946  0.7622  0.4130  0.000000
epoch:182 0.6697  0.9389  0.8506  -1.0000  0.5972  0.7078  0.0951  0.5905  0.7365  -1.0000  0.6933  0.7625  0.4135  0.000000
epoch:183 0.6693  0.9390  0.8508  -1.0000  0.5980  0.7063  0.0951  0.5902  0.7365  -1.0000  0.6944  0.7622  0.4135  0.000000
epoch:184 0.6695  0.9386  0.8524  -1.0000  0.5968  0.7068  0.0951  0.5901  0.7365  -1.0000  0.6936  0.7622  0.4126  0.000000
epoch:185 0.6696  0.9388  0.8526  -1.0000  0.5972  0.7067  0.0950  0.5899  0.7363  -1.0000  0.6934  0.7621  0.4119  0.000000
epoch:186 0.6696  0.9387  0.8527  -1.0000  0.5973  0.7063  0.0948  0.5901  0.7363  -1.0000  0.6940  0.7616  0.4133  0.000000
epoch:187 0.6691  0.9390  0.8502  -1.0000  0.5972  0.7062  0.0950  0.5896  0.7355  -1.0000  0.6920  0.7613  0.4108  0.000000
epoch:188 0.6695  0.9385  0.8525  -1.0000  0.5974  0.7078  0.0949  0.5903  0.7365  -1.0000  0.6939  0.7622  0.4108  0.000000
epoch:189 0.6697  0.9391  0.8535  -1.0000  0.5979  0.7077  0.0951  0.5903  0.7367  -1.0000  0.6946  0.7625  0.4103  0.000000
epoch:190 0.6690  0.9391  0.8505  -1.0000  0.5974  0.7075  0.0950  0.5899  0.7361  -1.0000  0.6929  0.7622  0.4118  0.000000
epoch:191 0.6701  0.9422  0.8535  -1.0000  0.5981  0.7072  0.0950  0.5904  0.7364  -1.0000  0.6949  0.7621  0.4118  0.000000
epoch:192 0.6697  0.9387  0.8537  -1.0000  0.5979  0.7078  0.0950  0.5908  0.7368  -1.0000  0.6944  0.7626  0.4119  0.000000
epoch:193 0.6700  0.9388  0.8527  -1.0000  0.5984  0.7074  0.0950  0.5906  0.7368  -1.0000  0.6951  0.7624  0.4124  0.000000
epoch:194 0.6689  0.9390  0.8502  -1.0000  0.5968  0.7065  0.0948  0.5900  0.7358  -1.0000  0.6934  0.7613  0.4131  0.000000
epoch:195 0.6699  0.9425  0.8497  -1.0000  0.5982  0.7078  0.0949  0.5905  0.7366  -1.0000  0.6951  0.7621  0.4123  0.000000
epoch:196 0.6698  0.9391  0.8529  -1.0000  0.5978  0.7083  0.0952  0.5904  0.7366  -1.0000  0.6944  0.7626  0.4121  0.000000
epoch:197 0.6697  0.9392  0.8503  -1.0000  0.5970  0.7077  0.0951  0.5906  0.7367  -1.0000  0.6945  0.7623  0.4122  0.000000
epoch:198 0.6698  0.9391  0.8537  -1.0000  0.5979  0.7076  0.0951  0.5905  0.7364  -1.0000  0.6945  0.7623  0.4128  0.000000
epoch:199 0.6690  0.9389  0.8505  -1.0000  0.5977  0.7062  0.0951  0.5899  0.7362  -1.0000  0.6942  0.7616  0.4111  0.000000
