epoch:0 0.5997  0.8811  0.7425  -1.0000  0.5788  0.6130  0.0899  0.5634  0.7138  -1.0000  0.6757  0.7356  0.6946  0.002500
epoch:1 0.5817  0.8931  0.7151  -1.0000  0.5642  0.5963  0.0873  0.5488  0.6987  -1.0000  0.6863  0.7141  0.5167  0.002500
epoch:2 0.6382  0.9062  0.7961  -1.0000  0.6087  0.6609  0.0947  0.5839  0.7343  -1.0000  0.6939  0.7585  0.4656  0.002500
epoch:3 0.6522  0.9175  0.8134  -1.0000  0.6209  0.6785  0.0955  0.5894  0.7413  -1.0000  0.6919  0.7743  0.4196  0.000250
epoch:4 0.6535  0.9180  0.8186  -1.0000  0.6251  0.6787  0.0955  0.5902  0.7430  -1.0000  0.6950  0.7744  0.4090  0.000250
epoch:5 0.6592  0.9264  0.8218  -1.0000  0.6337  0.6831  0.0956  0.5918  0.7445  -1.0000  0.7024  0.7746  0.4076  0.000250
epoch:6 0.6554  0.9214  0.8148  -1.0000  0.6233  0.6805  0.0954  0.5903  0.7409  -1.0000  0.6906  0.7725  0.4012  0.000025
epoch:7 0.6586  0.9216  0.8257  -1.0000  0.6237  0.6874  0.0957  0.5923  0.7452  -1.0000  0.6976  0.7776  0.3990  0.000025
epoch:8 0.6574  0.9210  0.8206  -1.0000  0.6271  0.6819  0.0960  0.5921  0.7441  -1.0000  0.6996  0.7728  0.3984  0.000025
epoch:9 0.6590  0.9221  0.8250  -1.0000  0.6265  0.6851  0.0956  0.5933  0.7447  -1.0000  0.6950  0.7778  0.3979  0.000003
epoch:10 0.6612  0.9243  0.8265  -1.0000  0.6346  0.6857  0.0961  0.5934  0.7450  -1.0000  0.7010  0.7746  0.3992  0.000003
epoch:11 0.6606  0.9257  0.8273  -1.0000  0.6300  0.6884  0.0957  0.5934  0.7461  -1.0000  0.6961  0.7803  0.3980  0.000003
epoch:12 0.6582  0.9215  0.8229  -1.0000  0.6301  0.6838  0.0961  0.5918  0.7444  -1.0000  0.6982  0.7754  0.3986  0.000000
epoch:13 0.6600  0.9257  0.8253  -1.0000  0.6322  0.6858  0.0957  0.5949  0.7471  -1.0000  0.7013  0.7792  0.3985  0.000000
epoch:14 0.6620  0.9280  0.8284  -1.0000  0.6327  0.6890  0.0961  0.5945  0.7466  -1.0000  0.7002  0.7784  0.3970  0.000000
epoch:15 0.6610  0.9260  0.8284  -1.0000  0.6300  0.6878  0.0961  0.5954  0.7469  -1.0000  0.6986  0.7803  0.3983  0.000000
epoch:16 0.6604  0.9257  0.8253  -1.0000  0.6312  0.6859  0.0960  0.5947  0.7456  -1.0000  0.6990  0.7775  0.4001  0.000000
epoch:17 0.6477  0.9054  0.8087  -1.0000  0.6174  0.6740  0.0953  0.5833  0.7342  -1.0000  0.6854  0.7659  0.4008  0.000000
epoch:18 0.6549  0.9186  0.8152  -1.0000  0.6240  0.6808  0.0959  0.5886  0.7399  -1.0000  0.6884  0.7716  0.3984  0.000000
epoch:19 0.6558  0.9210  0.8195  -1.0000  0.6254  0.6810  0.0958  0.5889  0.7418  -1.0000  0.6942  0.7718  0.3992  0.000000
