epoch:0 0.5823  0.8659  0.7292  -1.0000  0.5893  0.5865  0.0895  0.5641  0.7125  -1.0000  0.6814  0.7396  0.6792  0.010000
epoch:1 0.6086  0.8864  0.7656  -1.0000  0.6037  0.6211  0.0902  0.5697  0.7240  -1.0000  0.6845  0.7488  0.5317  0.010000
epoch:2 0.6224  0.9000  0.7870  -1.0000  0.6096  0.6417  0.0914  0.5719  0.7250  -1.0000  0.6775  0.7582  0.5076  0.010000
epoch:3 0.6603  0.9226  0.8320  -1.0000  0.6334  0.6813  0.0963  0.5943  0.7470  -1.0000  0.6973  0.7777  0.4396  0.001000
epoch:4 0.6619  0.9242  0.8295  -1.0000  0.6319  0.6860  0.0963  0.5954  0.7461  -1.0000  0.6981  0.7772  0.4197  0.001000
epoch:5 0.6662  0.9266  0.8333  -1.0000  0.6343  0.6917  0.0967  0.5970  0.7471  -1.0000  0.6939  0.7782  0.4094  0.001000
epoch:6 0.6672  0.9296  0.8398  -1.0000  0.6384  0.6923  0.0969  0.5981  0.7481  -1.0000  0.6972  0.7795  0.3964  0.000100
epoch:7 0.6658  0.9247  0.8347  -1.0000  0.6322  0.6913  0.0970  0.5961  0.7467  -1.0000  0.6949  0.7784  0.3951  0.000100
epoch:8 0.6662  0.9288  0.8376  -1.0000  0.6377  0.6907  0.0964  0.5969  0.7473  -1.0000  0.6955  0.7785  0.3919  0.000100
epoch:9 0.6666  0.9304  0.8360  -1.0000  0.6376  0.6928  0.0970  0.5960  0.7469  -1.0000  0.6957  0.7786  0.3919  0.000010
epoch:10 0.6678  0.9302  0.8399  -1.0000  0.6417  0.6912  0.0964  0.5979  0.7482  -1.0000  0.6995  0.7768  0.3927  0.000010
epoch:11 0.6692  0.9278  0.8423  -1.0000  0.6412  0.6941  0.0968  0.5987  0.7488  -1.0000  0.7012  0.7787  0.3931  0.000010
epoch:12 0.6668  0.9292  0.8390  -1.0000  0.6357  0.6902  0.0968  0.5959  0.7471  -1.0000  0.6971  0.7763  0.3893  0.000001
epoch:13 0.6666  0.9286  0.8368  -1.0000  0.6376  0.6919  0.0970  0.5967  0.7474  -1.0000  0.6961  0.7797  0.3927  0.000001
epoch:14 0.6678  0.9259  0.8368  -1.0000  0.6377  0.6949  0.0972  0.5967  0.7473  -1.0000  0.6955  0.7799  0.3914  0.000001
epoch:15 0.6669  0.9267  0.8367  -1.0000  0.6382  0.6923  0.0968  0.5975  0.7469  -1.0000  0.6979  0.7769  0.3920  0.000000
epoch:16 0.6659  0.9279  0.8369  -1.0000  0.6402  0.6903  0.0964  0.5976  0.7481  -1.0000  0.6982  0.7785  0.3936  0.000000
epoch:17 0.6690  0.9261  0.8404  -1.0000  0.6397  0.6954  0.0967  0.5972  0.7483  -1.0000  0.6969  0.7804  0.3908  0.000000
epoch:18 0.6692  0.9307  0.8396  -1.0000  0.6380  0.6946  0.0968  0.5971  0.7485  -1.0000  0.6981  0.7787  0.3944  0.000000
epoch:19 0.6686  0.9307  0.8381  -1.0000  0.6392  0.6931  0.0968  0.5979  0.7479  -1.0000  0.6976  0.7769  0.3916  0.000000