epoch:0 0.5290  0.8160  0.6554  -1.0000  0.5640  0.5014  0.0802  0.5270  0.6977  -1.0000  0.6635  0.7142  0.8643  0.010000
epoch:1 0.6052  0.8759  0.7726  -1.0000  0.6058  0.6169  0.0899  0.5713  0.7277  -1.0000  0.7004  0.7431  0.6204  0.010000
epoch:2 0.6119  0.8871  0.7684  -1.0000  0.6217  0.6231  0.0927  0.5741  0.7237  -1.0000  0.6822  0.7550  0.5557  0.010000
epoch:3 0.6425  0.9020  0.8048  -1.0000  0.6422  0.6559  0.0951  0.5932  0.7453  -1.0000  0.7054  0.7666  0.4611  0.001000
epoch:4 0.6495  0.9145  0.8180  -1.0000  0.6382  0.6638  0.0955  0.5931  0.7462  -1.0000  0.7061  0.7665  0.4443  0.001000
epoch:5 0.6549  0.9178  0.8235  -1.0000  0.6466  0.6705  0.0960  0.5943  0.7450  -1.0000  0.7015  0.7672  0.4379  0.001000
epoch:6 0.6595  0.9179  0.8320  -1.0000  0.6493  0.6763  0.0967  0.5982  0.7495  -1.0000  0.7082  0.7717  0.4253  0.000100
epoch:7 0.6605  0.9188  0.8328  -1.0000  0.6484  0.6784  0.0969  0.5983  0.7493  -1.0000  0.7088  0.7718  0.4226  0.000100
epoch:8 0.6604  0.9191  0.8287  -1.0000  0.6489  0.6781  0.0968  0.5980  0.7495  -1.0000  0.7105  0.7708  0.4215  0.000100
epoch:9 0.6606  0.9191  0.8292  -1.0000  0.6486  0.6786  0.0969  0.5977  0.7496  -1.0000  0.7107  0.7712  0.4200  0.000010
epoch:10 0.6611  0.9190  0.8324  -1.0000  0.6490  0.6788  0.0970  0.5979  0.7499  -1.0000  0.7109  0.7714  0.4191  0.000010
epoch:11 0.6613  0.9192  0.8325  -1.0000  0.6481  0.6794  0.0971  0.5981  0.7495  -1.0000  0.7094  0.7716  0.4174  0.000010
epoch:12 0.6610  0.9192  0.8299  -1.0000  0.6481  0.6794  0.0971  0.5981  0.7495  -1.0000  0.7094  0.7716  0.4187  0.000001
epoch:13 0.6611  0.9192  0.8300  -1.0000  0.6479  0.6798  0.0972  0.5982  0.7495  -1.0000  0.7094  0.7717  0.4180  0.000001
epoch:14 0.6614  0.9192  0.8326  -1.0000  0.6480  0.6795  0.0971  0.5982  0.7496  -1.0000  0.7094  0.7717  0.4195  0.000001
epoch:15 0.6611  0.9192  0.8300  -1.0000  0.6480  0.6795  0.0971  0.5981  0.7495  -1.0000  0.7093  0.7716  0.4186  0.000000
epoch:16 0.6611  0.9192  0.8301  -1.0000  0.6479  0.6796  0.0971  0.5981  0.7494  -1.0000  0.7093  0.7715  0.4187  0.000000
epoch:17 0.6611  0.9192  0.8301  -1.0000  0.6479  0.6796  0.0971  0.5981  0.7494  -1.0000  0.7093  0.7715  0.4196  0.000000
epoch:18 0.6611  0.9192  0.8301  -1.0000  0.6479  0.6796  0.0971  0.5981  0.7495  -1.0000  0.7093  0.7715  0.4192  0.000000
epoch:19 0.6614  0.9192  0.8326  -1.0000  0.6479  0.6796  0.0971  0.5982  0.7495  -1.0000  0.7093  0.7717  0.4181  0.000000
