epoch:0 0.5773  0.8517  0.7219  -1.0000  0.5466  0.5873  0.0882  0.5593  0.7103  -1.0000  0.6711  0.7285  0.6813  0.010000
epoch:1 0.6145  0.9023  0.7647  -1.0000  0.5943  0.6255  0.0897  0.5701  0.7222  -1.0000  0.7016  0.7369  0.5377  0.010000
epoch:2 0.6422  0.9123  0.8040  -1.0000  0.6289  0.6529  0.0941  0.5904  0.7405  -1.0000  0.7002  0.7671  0.5007  0.010000
epoch:3 0.6259  0.8948  0.7850  -1.0000  0.6057  0.6461  0.0937  0.5790  0.7241  -1.0000  0.6673  0.7596  0.4873  0.010000
epoch:4 0.6410  0.9128  0.8048  -1.0000  0.6248  0.6579  0.0934  0.5794  0.7262  -1.0000  0.6835  0.7549  0.4768  0.010000
epoch:5 0.6431  0.9174  0.7986  -1.0000  0.6221  0.6563  0.0930  0.5846  0.7328  -1.0000  0.6947  0.7454  0.4604  0.010000
epoch:6 0.6253  0.9118  0.7799  -1.0000  0.6169  0.6309  0.0912  0.5736  0.7244  -1.0000  0.7041  0.7389  0.4370  0.010000
epoch:7 0.6421  0.9105  0.8033  -1.0000  0.6226  0.6633  0.0952  0.5838  0.7284  -1.0000  0.6843  0.7526  0.4382  0.010000
epoch:8 0.6291  0.8957  0.7953  -1.0000  0.6159  0.6481  0.0936  0.5782  0.7245  -1.0000  0.6741  0.7529  0.4283  0.010000
epoch:9 0.6455  0.9194  0.8095  -1.0000  0.6266  0.6651  0.0943  0.5822  0.7306  -1.0000  0.6934  0.7569  0.4291  0.010000
epoch:10 0.6725  0.9300  0.8389  -1.0000  0.6470  0.6952  0.0965  0.5995  0.7475  -1.0000  0.6985  0.7745  0.3830  0.001000
epoch:11 0.6727  0.9293  0.8467  -1.0000  0.6534  0.6946  0.0970  0.5996  0.7481  -1.0000  0.7032  0.7739  0.3676  0.001000
epoch:12 0.6693  0.9273  0.8379  -1.0000  0.6451  0.6942  0.0964  0.5969  0.7440  -1.0000  0.6932  0.7727  0.3594  0.001000
epoch:13 0.6674  0.9280  0.8370  -1.0000  0.6415  0.6899  0.0963  0.5969  0.7432  -1.0000  0.6945  0.7685  0.3535  0.001000
epoch:14 0.6658  0.9269  0.8364  -1.0000  0.6391  0.6908  0.0958  0.5953  0.7414  -1.0000  0.6888  0.7701  0.3487  0.001000
epoch:15 0.6693  0.9291  0.8391  -1.0000  0.6439  0.6946  0.0966  0.5959  0.7432  -1.0000  0.6922  0.7737  0.3448  0.001000
epoch:16 0.6717  0.9301  0.8388  -1.0000  0.6482  0.6952  0.0962  0.5985  0.7448  -1.0000  0.6935  0.7742  0.3418  0.001000
epoch:17 0.6674  0.9244  0.8327  -1.0000  0.6369  0.6945  0.0961  0.5953  0.7402  -1.0000  0.6854  0.7709  0.3379  0.001000
epoch:18 0.6633  0.9241  0.8288  -1.0000  0.6311  0.6886  0.0958  0.5926  0.7371  -1.0000  0.6841  0.7665  0.3376  0.001000
epoch:19 0.6662  0.9294  0.8353  -1.0000  0.6341  0.6934  0.0956  0.5930  0.7393  -1.0000  0.6809  0.7747  0.3323  0.001000
epoch:20 0.6665  0.9282  0.8341  -1.0000  0.6342  0.6931  0.0961  0.5944  0.7403  -1.0000  0.6844  0.7721  0.3233  0.000100
epoch:21 0.6645  0.9243  0.8340  -1.0000  0.6317  0.6898  0.0957  0.5924  0.7375  -1.0000  0.6807  0.7694  0.3234  0.000100
epoch:22 0.6671  0.9244  0.8348  -1.0000  0.6357  0.6952  0.0955  0.5949  0.7399  -1.0000  0.6845  0.7719  0.3237  0.000100
epoch:23 0.6652  0.9252  0.8317  -1.0000  0.6306  0.6935  0.0966  0.5937  0.7383  -1.0000  0.6803  0.7710  0.3215  0.000100
epoch:24 0.6657  0.9292  0.8313  -1.0000  0.6312  0.6930  0.0956  0.5946  0.7397  -1.0000  0.6826  0.7716  0.3216  0.000100
epoch:25 0.6658  0.9258  0.8310  -1.0000  0.6331  0.6953  0.0961  0.5934  0.7387  -1.0000  0.6813  0.7721  0.3218  0.000100
epoch:26 0.6650  0.9237  0.8337  -1.0000  0.6315  0.6910  0.0963  0.5936  0.7383  -1.0000  0.6815  0.7688  0.3219  0.000100
epoch:27 0.6647  0.9249  0.8350  -1.0000  0.6302  0.6909  0.0963  0.5934  0.7379  -1.0000  0.6812  0.7696  0.3210  0.000100
epoch:28 0.6651  0.9253  0.8342  -1.0000  0.6321  0.6907  0.0957  0.5936  0.7382  -1.0000  0.6809  0.7702  0.3206  0.000100
epoch:29 0.6660  0.9252  0.8308  -1.0000  0.6304  0.6926  0.0957  0.5930  0.7384  -1.0000  0.6797  0.7705  0.3178  0.000100
epoch:30 0.6665  0.9245  0.8340  -1.0000  0.6316  0.6935  0.0955  0.5938  0.7392  -1.0000  0.6815  0.7711  0.3190  0.000010
epoch:31 0.6638  0.9238  0.8294  -1.0000  0.6267  0.6913  0.0963  0.5934  0.7373  -1.0000  0.6802  0.7687  0.3179  0.000010
epoch:32 0.6639  0.9247  0.8304  -1.0000  0.6305  0.6919  0.0963  0.5930  0.7373  -1.0000  0.6800  0.7702  0.3195  0.000010
epoch:33 0.6655  0.9248  0.8347  -1.0000  0.6318  0.6921  0.0959  0.5936  0.7383  -1.0000  0.6811  0.7685  0.3181  0.000010
epoch:34 0.6651  0.9253  0.8345  -1.0000  0.6309  0.6909  0.0963  0.5928  0.7385  -1.0000  0.6813  0.7698  0.3178  0.000010
epoch:35 0.6634  0.9254  0.8273  -1.0000  0.6307  0.6918  0.0959  0.5934  0.7372  -1.0000  0.6809  0.7700  0.3165  0.000010
epoch:36 0.6625  0.9245  0.8263  -1.0000  0.6270  0.6911  0.0960  0.5920  0.7354  -1.0000  0.6777  0.7679  0.3172  0.000010
epoch:37 0.6642  0.9243  0.8299  -1.0000  0.6294  0.6912  0.0959  0.5930  0.7375  -1.0000  0.6794  0.7685  0.3190  0.000010
epoch:38 0.6639  0.9248  0.8305  -1.0000  0.6314  0.6896  0.0958  0.5933  0.7374  -1.0000  0.6825  0.7690  0.3176  0.000010
epoch:39 0.6647  0.9250  0.8337  -1.0000  0.6320  0.6917  0.0961  0.5934  0.7378  -1.0000  0.6814  0.7704  0.3184  0.000010
epoch:40 0.6646  0.9246  0.8263  -1.0000  0.6280  0.6929  0.0959  0.5928  0.7374  -1.0000  0.6778  0.7708  0.3177  0.000001
epoch:41 0.6615  0.9208  0.8289  -1.0000  0.6255  0.6905  0.0954  0.5923  0.7349  -1.0000  0.6748  0.7692  0.3170  0.000001
epoch:42 0.6630  0.9248  0.8302  -1.0000  0.6299  0.6888  0.0964  0.5923  0.7366  -1.0000  0.6817  0.7678  0.3176  0.000001
epoch:43 0.6640  0.9254  0.8295  -1.0000  0.6306  0.6896  0.0957  0.5939  0.7379  -1.0000  0.6820  0.7702  0.3196  0.000001
epoch:44 0.6648  0.9244  0.8307  -1.0000  0.6300  0.6904  0.0963  0.5939  0.7384  -1.0000  0.6830  0.7697  0.3187  0.000001
epoch:45 0.6646  0.9254  0.8342  -1.0000  0.6298  0.6906  0.0963  0.5935  0.7382  -1.0000  0.6816  0.7704  0.3164  0.000001
epoch:46 0.6628  0.9249  0.8302  -1.0000  0.6296  0.6902  0.0955  0.5937  0.7374  -1.0000  0.6821  0.7698  0.3184  0.000001
epoch:47 0.6645  0.9247  0.8297  -1.0000  0.6305  0.6917  0.0960  0.5930  0.7378  -1.0000  0.6815  0.7685  0.3171  0.000001
epoch:48 0.6636  0.9238  0.8262  -1.0000  0.6266  0.6905  0.0957  0.5924  0.7356  -1.0000  0.6758  0.7668  0.3190  0.000001
epoch:49 0.6614  0.9227  0.8271  -1.0000  0.6287  0.6887  0.0956  0.5916  0.7363  -1.0000  0.6811  0.7674  0.3178  0.000001
epoch:50 0.6612  0.9198  0.8255  -1.0000  0.6270  0.6893  0.0956  0.5920  0.7350  -1.0000  0.6765  0.7679  0.3183  0.000000
epoch:51 0.6631  0.9250  0.8300  -1.0000  0.6291  0.6896  0.0956  0.5925  0.7355  -1.0000  0.6775  0.7683  0.3183  0.000000
epoch:52 0.6657  0.9250  0.8341  -1.0000  0.6323  0.6935  0.0956  0.5937  0.7377  -1.0000  0.6816  0.7699  0.3181  0.000000
epoch:53 0.6633  0.9230  0.8286  -1.0000  0.6294  0.6899  0.0959  0.5934  0.7373  -1.0000  0.6795  0.7688  0.3186  0.000000
epoch:54 0.6645  0.9244  0.8336  -1.0000  0.6320  0.6904  0.0957  0.5936  0.7387  -1.0000  0.6830  0.7694  0.3182  0.000000
epoch:55 0.6655  0.9255  0.8316  -1.0000  0.6312  0.6940  0.0956  0.5942  0.7387  -1.0000  0.6813  0.7714  0.3186  0.000000
epoch:56 0.6610  0.9236  0.8279  -1.0000  0.6294  0.6874  0.0958  0.5926  0.7370  -1.0000  0.6805  0.7684  0.3182  0.000000
epoch:57 0.6639  0.9245  0.8291  -1.0000  0.6311  0.6904  0.0964  0.5930  0.7381  -1.0000  0.6803  0.7708  0.3190  0.000000
epoch:58 0.6634  0.9247  0.8331  -1.0000  0.6302  0.6890  0.0959  0.5935  0.7374  -1.0000  0.6812  0.7685  0.3177  0.000000
epoch:59 0.6630  0.9253  0.8253  -1.0000  0.6316  0.6897  0.0956  0.5931  0.7368  -1.0000  0.6804  0.7693  0.3186  0.000000
epoch:60 0.6654  0.9251  0.8355  -1.0000  0.6340  0.6914  0.0958  0.5938  0.7383  -1.0000  0.6832  0.7703  0.3164  0.000000
epoch:61 0.6642  0.9253  0.8336  -1.0000  0.6320  0.6899  0.0960  0.5932  0.7377  -1.0000  0.6822  0.7692  0.3185  0.000000
epoch:62 0.6662  0.9261  0.8341  -1.0000  0.6339  0.6910  0.0959  0.5943  0.7395  -1.0000  0.6838  0.7706  0.3186  0.000000
epoch:63 0.6638  0.9249  0.8294  -1.0000  0.6310  0.6893  0.0956  0.5938  0.7380  -1.0000  0.6826  0.7692  0.3179  0.000000
epoch:64 0.6632  0.9246  0.8251  -1.0000  0.6295  0.6906  0.0954  0.5930  0.7368  -1.0000  0.6786  0.7699  0.3167  0.000000
epoch:65 0.6622  0.9241  0.8261  -1.0000  0.6260  0.6900  0.0960  0.5922  0.7366  -1.0000  0.6763  0.7691  0.3173  0.000000
epoch:66 0.6653  0.9250  0.8296  -1.0000  0.6319  0.6924  0.0962  0.5945  0.7388  -1.0000  0.6816  0.7707  0.3178  0.000000
epoch:67 0.6621  0.9204  0.8294  -1.0000  0.6320  0.6886  0.0958  0.5926  0.7359  -1.0000  0.6803  0.7681  0.3186  0.000000
epoch:68 0.6642  0.9233  0.8323  -1.0000  0.6329  0.6888  0.0961  0.5934  0.7386  -1.0000  0.6836  0.7699  0.3183  0.000000
epoch:69 0.6643  0.9253  0.8343  -1.0000  0.6292  0.6905  0.0962  0.5943  0.7381  -1.0000  0.6813  0.7698  0.3195  0.000000
epoch:70 0.6628  0.9250  0.8304  -1.0000  0.6301  0.6891  0.0962  0.5928  0.7372  -1.0000  0.6805  0.7690  0.3183  0.000000
epoch:71 0.6642  0.9249  0.8288  -1.0000  0.6300  0.6904  0.0954  0.5934  0.7379  -1.0000  0.6814  0.7702  0.3200  0.000000
epoch:72 0.6636  0.9248  0.8349  -1.0000  0.6296  0.6901  0.0960  0.5934  0.7368  -1.0000  0.6804  0.7691  0.3179  0.000000
epoch:73 0.6638  0.9247  0.8325  -1.0000  0.6322  0.6886  0.0963  0.5934  0.7381  -1.0000  0.6828  0.7684  0.3180  0.000000
epoch:74 0.6649  0.9254  0.8306  -1.0000  0.6319  0.6910  0.0957  0.5940  0.7388  -1.0000  0.6822  0.7708  0.3187  0.000000
epoch:75 0.6668  0.9257  0.8340  -1.0000  0.6330  0.6947  0.0957  0.5953  0.7395  -1.0000  0.6814  0.7725  0.3161  0.000000
epoch:76 0.6647  0.9254  0.8307  -1.0000  0.6301  0.6927  0.0958  0.5930  0.7379  -1.0000  0.6801  0.7712  0.3183  0.000000
epoch:77 0.6645  0.9247  0.8304  -1.0000  0.6305  0.6924  0.0961  0.5930  0.7377  -1.0000  0.6797  0.7696  0.3183  0.000000
epoch:78 0.6649  0.9248  0.8311  -1.0000  0.6296  0.6923  0.0959  0.5932  0.7380  -1.0000  0.6805  0.7700  0.3186  0.000000
epoch:79 0.6623  0.9233  0.8269  -1.0000  0.6298  0.6886  0.0965  0.5933  0.7371  -1.0000  0.6810  0.7686  0.3181  0.000000
epoch:80 0.6644  0.9246  0.8292  -1.0000  0.6325  0.6914  0.0956  0.5940  0.7387  -1.0000  0.6838  0.7697  0.3161  0.000000
epoch:81 0.6638  0.9251  0.8302  -1.0000  0.6299  0.6918  0.0958  0.5928  0.7375  -1.0000  0.6787  0.7705  0.3181  0.000000
epoch:82 0.6643  0.9240  0.8330  -1.0000  0.6318  0.6903  0.0959  0.5936  0.7384  -1.0000  0.6832  0.7687  0.3183  0.000000
epoch:83 0.6643  0.9253  0.8311  -1.0000  0.6288  0.6916  0.0960  0.5931  0.7370  -1.0000  0.6774  0.7703  0.3183  0.000000
epoch:84 0.6631  0.9249  0.8255  -1.0000  0.6304  0.6906  0.0958  0.5932  0.7374  -1.0000  0.6807  0.7707  0.3184  0.000000
epoch:85 0.6661  0.9252  0.8356  -1.0000  0.6338  0.6954  0.0960  0.5945  0.7400  -1.0000  0.6826  0.7736  0.3184  0.000000
epoch:86 0.6624  0.9239  0.8272  -1.0000  0.6294  0.6887  0.0955  0.5910  0.7362  -1.0000  0.6801  0.7669  0.3166  0.000000
epoch:87 0.6658  0.9258  0.8348  -1.0000  0.6339  0.6942  0.0955  0.5947  0.7398  -1.0000  0.6836  0.7725  0.3170  0.000000
epoch:88 0.6652  0.9255  0.8340  -1.0000  0.6313  0.6930  0.0960  0.5936  0.7380  -1.0000  0.6823  0.7705  0.3172  0.000000
epoch:89 0.6627  0.9235  0.8277  -1.0000  0.6293  0.6885  0.0956  0.5931  0.7370  -1.0000  0.6819  0.7682  0.3187  0.000000
epoch:90 0.6654  0.9255  0.8359  -1.0000  0.6311  0.6933  0.0959  0.5951  0.7392  -1.0000  0.6841  0.7708  0.3180  0.000000
epoch:91 0.6656  0.9255  0.8298  -1.0000  0.6324  0.6934  0.0959  0.5935  0.7387  -1.0000  0.6828  0.7708  0.3181  0.000000
epoch:92 0.6643  0.9249  0.8328  -1.0000  0.6311  0.6903  0.0961  0.5942  0.7393  -1.0000  0.6842  0.7700  0.3176  0.000000
epoch:93 0.6640  0.9244  0.8335  -1.0000  0.6304  0.6905  0.0958  0.5929  0.7375  -1.0000  0.6817  0.7682  0.3176  0.000000
epoch:94 0.6620  0.9237  0.8283  -1.0000  0.6299  0.6876  0.0961  0.5926  0.7373  -1.0000  0.6810  0.7678  0.3173  0.000000
epoch:95 0.6652  0.9251  0.8342  -1.0000  0.6325  0.6920  0.0956  0.5934  0.7383  -1.0000  0.6812  0.7704  0.3168  0.000000
epoch:96 0.6635  0.9253  0.8264  -1.0000  0.6305  0.6912  0.0956  0.5928  0.7374  -1.0000  0.6802  0.7697  0.3170  0.000000
epoch:97 0.6657  0.9249  0.8352  -1.0000  0.6328  0.6913  0.0961  0.5938  0.7378  -1.0000  0.6816  0.7696  0.3158  0.000000
epoch:98 0.6639  0.9249  0.8296  -1.0000  0.6326  0.6890  0.0959  0.5941  0.7375  -1.0000  0.6810  0.7694  0.3168  0.000000
epoch:99 0.6636  0.9214  0.8300  -1.0000  0.6275  0.6912  0.0959  0.5926  0.7365  -1.0000  0.6765  0.7687  0.3178  0.000000
epoch:100 0.6639  0.9245  0.8285  -1.0000  0.6281  0.6906  0.0960  0.5929  0.7370  -1.0000  0.6780  0.7698  0.3195  0.000000
epoch:101 0.6652  0.9289  0.8340  -1.0000  0.6296  0.6912  0.0961  0.5937  0.7389  -1.0000  0.6817  0.7708  0.3187  0.000000
epoch:102 0.6637  0.9231  0.8290  -1.0000  0.6258  0.6924  0.0957  0.5926  0.7370  -1.0000  0.6770  0.7688  0.3190  0.000000
epoch:103 0.6660  0.9253  0.8371  -1.0000  0.6337  0.6928  0.0956  0.5940  0.7385  -1.0000  0.6836  0.7693  0.3178  0.000000
epoch:104 0.6633  0.9240  0.8318  -1.0000  0.6317  0.6883  0.0962  0.5927  0.7374  -1.0000  0.6821  0.7684  0.3182  0.000000
epoch:105 0.6649  0.9247  0.8339  -1.0000  0.6340  0.6910  0.0959  0.5941  0.7384  -1.0000  0.6840  0.7701  0.3174  0.000000
epoch:106 0.6631  0.9230  0.8288  -1.0000  0.6271  0.6908  0.0960  0.5930  0.7371  -1.0000  0.6794  0.7692  0.3184  0.000000
epoch:107 0.6619  0.9232  0.8278  -1.0000  0.6282  0.6896  0.0958  0.5927  0.7372  -1.0000  0.6803  0.7686  0.3189  0.000000
epoch:108 0.6639  0.9247  0.8293  -1.0000  0.6306  0.6903  0.0961  0.5940  0.7380  -1.0000  0.6822  0.7690  0.3188  0.000000
epoch:109 0.6636  0.9254  0.8306  -1.0000  0.6315  0.6885  0.0961  0.5923  0.7370  -1.0000  0.6819  0.7677  0.3170  0.000000
epoch:110 0.6661  0.9256  0.8354  -1.0000  0.6342  0.6933  0.0955  0.5945  0.7392  -1.0000  0.6838  0.7710  0.3165  0.000000
epoch:111 0.6631  0.9234  0.8326  -1.0000  0.6316  0.6891  0.0960  0.5921  0.7374  -1.0000  0.6821  0.7686  0.3175  0.000000
epoch:112 0.6635  0.9255  0.8296  -1.0000  0.6315  0.6896  0.0957  0.5924  0.7371  -1.0000  0.6812  0.7688  0.3166  0.000000
epoch:113 0.6638  0.9243  0.8285  -1.0000  0.6327  0.6908  0.0952  0.5927  0.7377  -1.0000  0.6817  0.7702  0.3166  0.000000
epoch:114 0.6634  0.9246  0.8311  -1.0000  0.6274  0.6934  0.0960  0.5935  0.7370  -1.0000  0.6781  0.7716  0.3194  0.000000
epoch:115 0.6635  0.9245  0.8267  -1.0000  0.6287  0.6937  0.0958  0.5932  0.7366  -1.0000  0.6777  0.7701  0.3160  0.000000
epoch:116 0.6655  0.9253  0.8349  -1.0000  0.6300  0.6927  0.0962  0.5939  0.7386  -1.0000  0.6806  0.7715  0.3187  0.000000
epoch:117 0.6618  0.9232  0.8285  -1.0000  0.6312  0.6895  0.0955  0.5924  0.7368  -1.0000  0.6803  0.7691  0.3174  0.000000
epoch:118 0.6647  0.9257  0.8300  -1.0000  0.6318  0.6911  0.0959  0.5936  0.7380  -1.0000  0.6815  0.7701  0.3172  0.000000
epoch:119 0.6654  0.9247  0.8292  -1.0000  0.6344  0.6903  0.0958  0.5936  0.7384  -1.0000  0.6814  0.7696  0.3199  0.000000
epoch:120 0.6657  0.9250  0.8347  -1.0000  0.6332  0.6926  0.0958  0.5938  0.7388  -1.0000  0.6829  0.7704  0.3173  0.000000
epoch:121 0.6662  0.9253  0.8312  -1.0000  0.6319  0.6935  0.0959  0.5937  0.7390  -1.0000  0.6817  0.7704  0.3173  0.000000
epoch:122 0.6662  0.9252  0.8320  -1.0000  0.6307  0.6952  0.0956  0.5940  0.7386  -1.0000  0.6790  0.7720  0.3163  0.000000
epoch:123 0.6643  0.9254  0.8293  -1.0000  0.6333  0.6923  0.0960  0.5941  0.7386  -1.0000  0.6818  0.7717  0.3174  0.000000
epoch:124 0.6638  0.9255  0.8295  -1.0000  0.6300  0.6915  0.0957  0.5933  0.7376  -1.0000  0.6800  0.7709  0.3185  0.000000
epoch:125 0.6618  0.9248  0.8246  -1.0000  0.6311  0.6887  0.0960  0.5923  0.7364  -1.0000  0.6802  0.7672  0.3202  0.000000
epoch:126 0.6640  0.9240  0.8295  -1.0000  0.6303  0.6901  0.0957  0.5930  0.7382  -1.0000  0.6822  0.7692  0.3181  0.000000
epoch:127 0.6644  0.9242  0.8324  -1.0000  0.6295  0.6906  0.0961  0.5933  0.7378  -1.0000  0.6802  0.7703  0.3175  0.000000
epoch:128 0.6622  0.9239  0.8303  -1.0000  0.6289  0.6863  0.0964  0.5923  0.7374  -1.0000  0.6809  0.7682  0.3167  0.000000
epoch:129 0.6642  0.9249  0.8333  -1.0000  0.6321  0.6903  0.0962  0.5946  0.7388  -1.0000  0.6830  0.7715  0.3180  0.000000
epoch:130 0.6635  0.9250  0.8310  -1.0000  0.6309  0.6910  0.0959  0.5933  0.7371  -1.0000  0.6813  0.7689  0.3166  0.000000
epoch:131 0.6632  0.9250  0.8255  -1.0000  0.6299  0.6918  0.0957  0.5926  0.7365  -1.0000  0.6790  0.7696  0.3171  0.000000
epoch:132 0.6664  0.9257  0.8353  -1.0000  0.6323  0.6939  0.0956  0.5952  0.7386  -1.0000  0.6815  0.7721  0.3155  0.000000
epoch:133 0.6648  0.9253  0.8290  -1.0000  0.6353  0.6916  0.0961  0.5940  0.7384  -1.0000  0.6839  0.7704  0.3171  0.000000
epoch:134 0.6632  0.9245  0.8258  -1.0000  0.6304  0.6890  0.0961  0.5922  0.7370  -1.0000  0.6799  0.7679  0.3178  0.000000
epoch:135 0.6636  0.9243  0.8273  -1.0000  0.6283  0.6930  0.0962  0.5938  0.7366  -1.0000  0.6779  0.7708  0.3175  0.000000
epoch:136 0.6657  0.9244  0.8335  -1.0000  0.6319  0.6921  0.0961  0.5942  0.7386  -1.0000  0.6809  0.7706  0.3157  0.000000
epoch:137 0.6644  0.9253  0.8300  -1.0000  0.6316  0.6914  0.0959  0.5933  0.7379  -1.0000  0.6815  0.7697  0.3181  0.000000
epoch:138 0.6630  0.9254  0.8308  -1.0000  0.6296  0.6909  0.0957  0.5931  0.7365  -1.0000  0.6797  0.7699  0.3181  0.000000
epoch:139 0.6659  0.9256  0.8337  -1.0000  0.6348  0.6936  0.0961  0.5944  0.7394  -1.0000  0.6839  0.7715  0.3178  0.000000
epoch:140 0.6652  0.9251  0.8337  -1.0000  0.6315  0.6917  0.0959  0.5939  0.7386  -1.0000  0.6810  0.7703  0.3176  0.000000
epoch:141 0.6656  0.9250  0.8315  -1.0000  0.6266  0.6937  0.0960  0.5930  0.7375  -1.0000  0.6757  0.7716  0.3187  0.000000
epoch:142 0.6632  0.9235  0.8254  -1.0000  0.6285  0.6917  0.0959  0.5929  0.7372  -1.0000  0.6795  0.7688  0.3181  0.000000
epoch:143 0.6640  0.9245  0.8289  -1.0000  0.6320  0.6893  0.0962  0.5938  0.7381  -1.0000  0.6830  0.7690  0.3180  0.000000
epoch:144 0.6642  0.9243  0.8307  -1.0000  0.6267  0.6908  0.0962  0.5930  0.7371  -1.0000  0.6787  0.7692  0.3179  0.000000
epoch:145 0.6648  0.9250  0.8324  -1.0000  0.6308  0.6911  0.0962  0.5943  0.7391  -1.0000  0.6823  0.7709  0.3171  0.000000
epoch:146 0.6645  0.9245  0.8294  -1.0000  0.6301  0.6923  0.0959  0.5943  0.7380  -1.0000  0.6801  0.7702  0.3196  0.000000
epoch:147 0.6661  0.9247  0.8338  -1.0000  0.6331  0.6921  0.0954  0.5945  0.7396  -1.0000  0.6824  0.7719  0.3185  0.000000
epoch:148 0.6615  0.9239  0.8242  -1.0000  0.6267  0.6889  0.0958  0.5919  0.7349  -1.0000  0.6774  0.7662  0.3175  0.000000
epoch:149 0.6615  0.9245  0.8257  -1.0000  0.6263  0.6898  0.0960  0.5934  0.7365  -1.0000  0.6803  0.7698  0.3166  0.000000
epoch:150 0.6638  0.9236  0.8316  -1.0000  0.6313  0.6899  0.0956  0.5934  0.7376  -1.0000  0.6824  0.7682  0.3183  0.000000
epoch:151 0.6641  0.9248  0.8292  -1.0000  0.6292  0.6927  0.0954  0.5936  0.7383  -1.0000  0.6793  0.7713  0.3170  0.000000
epoch:152 0.6623  0.9244  0.8268  -1.0000  0.6276  0.6904  0.0957  0.5925  0.7342  -1.0000  0.6761  0.7665  0.3172  0.000000
epoch:153 0.6649  0.9248  0.8330  -1.0000  0.6315  0.6919  0.0960  0.5937  0.7380  -1.0000  0.6822  0.7701  0.3167  0.000000
epoch:154 0.6622  0.9241  0.8248  -1.0000  0.6306  0.6883  0.0962  0.5923  0.7371  -1.0000  0.6805  0.7676  0.3186  0.000000
epoch:155 0.6652  0.9258  0.8336  -1.0000  0.6301  0.6919  0.0955  0.5927  0.7375  -1.0000  0.6792  0.7696  0.3169  0.000000
epoch:156 0.6635  0.9250  0.8300  -1.0000  0.6323  0.6881  0.0962  0.5931  0.7371  -1.0000  0.6817  0.7678  0.3194  0.000000
epoch:157 0.6643  0.9245  0.8286  -1.0000  0.6319  0.6903  0.0958  0.5937  0.7379  -1.0000  0.6821  0.7696  0.3185  0.000000
epoch:158 0.6654  0.9246  0.8336  -1.0000  0.6319  0.6913  0.0961  0.5939  0.7385  -1.0000  0.6820  0.7700  0.3162  0.000000
epoch:159 0.6632  0.9230  0.8295  -1.0000  0.6286  0.6906  0.0959  0.5926  0.7374  -1.0000  0.6825  0.7687  0.3181  0.000000
epoch:160 0.6630  0.9241  0.8306  -1.0000  0.6285  0.6905  0.0961  0.5930  0.7374  -1.0000  0.6790  0.7699  0.3187  0.000000
epoch:161 0.6649  0.9245  0.8301  -1.0000  0.6300  0.6918  0.0961  0.5928  0.7379  -1.0000  0.6798  0.7692  0.3177  0.000000
epoch:162 0.6658  0.9252  0.8356  -1.0000  0.6307  0.6938  0.0957  0.5935  0.7387  -1.0000  0.6816  0.7715  0.3173  0.000000
epoch:163 0.6628  0.9250  0.8294  -1.0000  0.6300  0.6901  0.0958  0.5942  0.7376  -1.0000  0.6817  0.7703  0.3185  0.000000
epoch:164 0.6626  0.9240  0.8251  -1.0000  0.6262  0.6927  0.0954  0.5932  0.7362  -1.0000  0.6759  0.7702  0.3182  0.000000
epoch:165 0.6642  0.9245  0.8300  -1.0000  0.6320  0.6902  0.0957  0.5929  0.7386  -1.0000  0.6837  0.7694  0.3195  0.000000
epoch:166 0.6637  0.9245  0.8335  -1.0000  0.6287  0.6889  0.0958  0.5923  0.7370  -1.0000  0.6807  0.7678  0.3178  0.000000
epoch:167 0.6646  0.9243  0.8322  -1.0000  0.6322  0.6892  0.0961  0.5942  0.7383  -1.0000  0.6846  0.7688  0.3176  0.000000
epoch:168 0.6647  0.9249  0.8344  -1.0000  0.6283  0.6916  0.0958  0.5939  0.7372  -1.0000  0.6801  0.7690  0.3166  0.000000
epoch:169 0.6625  0.9202  0.8282  -1.0000  0.6287  0.6906  0.0958  0.5928  0.7377  -1.0000  0.6798  0.7692  0.3174  0.000000
epoch:170 0.6650  0.9254  0.8305  -1.0000  0.6320  0.6921  0.0958  0.5934  0.7376  -1.0000  0.6816  0.7689  0.3183  0.000000
epoch:171 0.6639  0.9250  0.8256  -1.0000  0.6306  0.6900  0.0962  0.5937  0.7375  -1.0000  0.6806  0.7696  0.3178  0.000000
epoch:172 0.6637  0.9249  0.8285  -1.0000  0.6290  0.6890  0.0962  0.5940  0.7376  -1.0000  0.6804  0.7691  0.3190  0.000000
epoch:173 0.6648  0.9252  0.8310  -1.0000  0.6302  0.6926  0.0959  0.5934  0.7378  -1.0000  0.6788  0.7707  0.3161  0.000000
epoch:174 0.6599  0.9219  0.8258  -1.0000  0.6276  0.6872  0.0964  0.5916  0.7359  -1.0000  0.6786  0.7687  0.3172  0.000000
epoch:175 0.6618  0.9233  0.8274  -1.0000  0.6288  0.6882  0.0960  0.5922  0.7371  -1.0000  0.6812  0.7689  0.3178  0.000000
epoch:176 0.6636  0.9248  0.8253  -1.0000  0.6279  0.6915  0.0964  0.5935  0.7370  -1.0000  0.6794  0.7707  0.3166  0.000000
epoch:177 0.6628  0.9199  0.8246  -1.0000  0.6301  0.6907  0.0959  0.5932  0.7364  -1.0000  0.6801  0.7683  0.3164  0.000000
epoch:178 0.6621  0.9246  0.8260  -1.0000  0.6292  0.6880  0.0962  0.5921  0.7362  -1.0000  0.6795  0.7681  0.3179  0.000000
epoch:179 0.6627  0.9250  0.8250  -1.0000  0.6318  0.6886  0.0962  0.5925  0.7368  -1.0000  0.6816  0.7675  0.3177  0.000000
epoch:180 0.6626  0.9252  0.8295  -1.0000  0.6311  0.6896  0.0962  0.5928  0.7369  -1.0000  0.6800  0.7689  0.3180  0.000000
epoch:181 0.6634  0.9248  0.8299  -1.0000  0.6272  0.6912  0.0959  0.5935  0.7366  -1.0000  0.6790  0.7699  0.3178  0.000000
epoch:182 0.6627  0.9248  0.8306  -1.0000  0.6275  0.6909  0.0960  0.5933  0.7356  -1.0000  0.6774  0.7683  0.3167  0.000000
epoch:183 0.6636  0.9254  0.8295  -1.0000  0.6318  0.6908  0.0961  0.5939  0.7377  -1.0000  0.6808  0.7696  0.3175  0.000000
epoch:184 0.6648  0.9248  0.8291  -1.0000  0.6308  0.6931  0.0955  0.5937  0.7386  -1.0000  0.6822  0.7711  0.3192  0.000000
epoch:185 0.6633  0.9247  0.8294  -1.0000  0.6311  0.6896  0.0962  0.5928  0.7369  -1.0000  0.6799  0.7680  0.3182  0.000000
epoch:186 0.6623  0.9250  0.8319  -1.0000  0.6286  0.6888  0.0964  0.5926  0.7359  -1.0000  0.6804  0.7676  0.3183  0.000000
epoch:187 0.6635  0.9245  0.8258  -1.0000  0.6282  0.6916  0.0960  0.5936  0.7373  -1.0000  0.6782  0.7707  0.3187  0.000000
epoch:188 0.6641  0.9247  0.8312  -1.0000  0.6317  0.6904  0.0960  0.5928  0.7374  -1.0000  0.6810  0.7684  0.3181  0.000000
epoch:189 0.6677  0.9260  0.8357  -1.0000  0.6348  0.6941  0.0955  0.5943  0.7395  -1.0000  0.6839  0.7715  0.3176  0.000000
epoch:190 0.6657  0.9246  0.8314  -1.0000  0.6281  0.6928  0.0960  0.5944  0.7381  -1.0000  0.6795  0.7698  0.3172  0.000000
epoch:191 0.6640  0.9251  0.8341  -1.0000  0.6331  0.6899  0.0961  0.5931  0.7372  -1.0000  0.6819  0.7687  0.3163  0.000000
epoch:192 0.6648  0.9285  0.8283  -1.0000  0.6324  0.6911  0.0958  0.5930  0.7377  -1.0000  0.6827  0.7688  0.3185  0.000000
epoch:193 0.6653  0.9245  0.8305  -1.0000  0.6317  0.6925  0.0960  0.5923  0.7384  -1.0000  0.6812  0.7703  0.3174  0.000000
epoch:194 0.6643  0.9243  0.8292  -1.0000  0.6321  0.6902  0.0959  0.5933  0.7378  -1.0000  0.6823  0.7686  0.3180  0.000000
epoch:195 0.6643  0.9249  0.8264  -1.0000  0.6270  0.6934  0.0956  0.5934  0.7359  -1.0000  0.6762  0.7698  0.3193  0.000000
epoch:196 0.6639  0.9247  0.8308  -1.0000  0.6277  0.6923  0.0958  0.5932  0.7368  -1.0000  0.6774  0.7704  0.3173  0.000000
epoch:197 0.6631  0.9241  0.8264  -1.0000  0.6291  0.6903  0.0958  0.5928  0.7367  -1.0000  0.6799  0.7687  0.3186  0.000000
epoch:198 0.6628  0.9250  0.8256  -1.0000  0.6277  0.6920  0.0959  0.5931  0.7368  -1.0000  0.6773  0.7707  0.3163  0.000000
epoch:199 0.6631  0.9241  0.8288  -1.0000  0.6308  0.6894  0.0958  0.5936  0.7381  -1.0000  0.6815  0.7703  0.3183  0.000000
