epoch:0 0.4693  0.8204  0.4939  -1.0000  0.4790  0.4613  0.0743  0.4820  0.6185  -1.0000  0.6014  0.6347  1.0828  0.010000
epoch:1 0.5827  0.8840  0.7195  -1.0000  0.5692  0.5839  0.0862  0.5454  0.6900  -1.0000  0.6509  0.7096  0.7309  0.010000
epoch:2 0.5882  0.8956  0.7334  -1.0000  0.5750  0.5956  0.0864  0.5470  0.6905  -1.0000  0.6475  0.7158  0.6518  0.010000
epoch:3 0.5821  0.8946  0.7134  -1.0000  0.5631  0.5983  0.0873  0.5463  0.6838  -1.0000  0.6455  0.6982  0.5989  0.010000
epoch:4 0.6127  0.9141  0.7688  -1.0000  0.6010  0.6245  0.0886  0.5597  0.7023  -1.0000  0.6796  0.7190  0.5556  0.010000
epoch:5 0.6116  0.9154  0.7645  -1.0000  0.5896  0.6313  0.0890  0.5614  0.7010  -1.0000  0.6547  0.7277  0.5421  0.010000
epoch:6 0.6163  0.9041  0.7701  -1.0000  0.5920  0.6388  0.0916  0.5681  0.7051  -1.0000  0.6566  0.7301  0.5293  0.010000
epoch:7 0.6201  0.9063  0.7838  -1.0000  0.6101  0.6332  0.0910  0.5693  0.7107  -1.0000  0.6669  0.7383  0.5157  0.010000
epoch:8 0.6225  0.9142  0.7870  -1.0000  0.6170  0.6390  0.0902  0.5711  0.7162  -1.0000  0.6845  0.7410  0.4974  0.010000
epoch:9 0.6147  0.9125  0.7767  -1.0000  0.5861  0.6333  0.0906  0.5616  0.6986  -1.0000  0.6480  0.7313  0.4900  0.010000
epoch:10 0.6569  0.9386  0.8301  -1.0000  0.6390  0.6760  0.0931  0.5891  0.7345  -1.0000  0.6918  0.7641  0.4351  0.001000
epoch:11 0.6601  0.9397  0.8354  -1.0000  0.6412  0.6789  0.0941  0.5899  0.7363  -1.0000  0.6925  0.7634  0.4263  0.001000
epoch:12 0.6606  0.9363  0.8301  -1.0000  0.6401  0.6808  0.0947  0.5914  0.7377  -1.0000  0.6927  0.7665  0.4196  0.001000
epoch:13 0.6620  0.9361  0.8329  -1.0000  0.6412  0.6813  0.0941  0.5902  0.7366  -1.0000  0.6932  0.7627  0.4178  0.001000
epoch:14 0.6612  0.9361  0.8316  -1.0000  0.6405  0.6831  0.0944  0.5918  0.7369  -1.0000  0.6915  0.7644  0.4164  0.001000
epoch:15 0.6587  0.9355  0.8353  -1.0000  0.6395  0.6789  0.0940  0.5899  0.7343  -1.0000  0.6902  0.7596  0.4143  0.001000
epoch:16 0.6570  0.9354  0.8310  -1.0000  0.6425  0.6776  0.0927  0.5885  0.7338  -1.0000  0.6936  0.7591  0.4129  0.001000
epoch:17 0.6617  0.9367  0.8328  -1.0000  0.6433  0.6832  0.0939  0.5926  0.7376  -1.0000  0.6951  0.7649  0.4117  0.001000
epoch:18 0.6625  0.9362  0.8276  -1.0000  0.6397  0.6832  0.0939  0.5924  0.7380  -1.0000  0.6950  0.7629  0.4104  0.001000
epoch:19 0.6586  0.9359  0.8284  -1.0000  0.6408  0.6770  0.0937  0.5880  0.7317  -1.0000  0.6953  0.7539  0.4073  0.001000
epoch:20 0.6632  0.9365  0.8326  -1.0000  0.6420  0.6846  0.0946  0.5931  0.7366  -1.0000  0.6951  0.7615  0.4037  0.000100
epoch:21 0.6623  0.9356  0.8328  -1.0000  0.6440  0.6826  0.0942  0.5927  0.7372  -1.0000  0.6952  0.7620  0.4001  0.000100
epoch:22 0.6624  0.9360  0.8324  -1.0000  0.6429  0.6816  0.0944  0.5926  0.7367  -1.0000  0.6957  0.7606  0.4000  0.000100
epoch:23 0.6623  0.9366  0.8338  -1.0000  0.6425  0.6820  0.0944  0.5923  0.7368  -1.0000  0.6956  0.7614  0.3992  0.000100
epoch:24 0.6622  0.9358  0.8321  -1.0000  0.6426  0.6817  0.0939  0.5924  0.7367  -1.0000  0.6964  0.7608  0.3983  0.000100
epoch:25 0.6636  0.9362  0.8327  -1.0000  0.6434  0.6856  0.0944  0.5930  0.7374  -1.0000  0.6955  0.7629  0.3998  0.000100
epoch:26 0.6629  0.9363  0.8327  -1.0000  0.6427  0.6824  0.0944  0.5928  0.7367  -1.0000  0.6946  0.7624  0.3979  0.000100
epoch:27 0.6625  0.9361  0.8309  -1.0000  0.6417  0.6823  0.0945  0.5925  0.7363  -1.0000  0.6952  0.7609  0.3993  0.000100
epoch:28 0.6619  0.9356  0.8315  -1.0000  0.6428  0.6814  0.0939  0.5927  0.7368  -1.0000  0.6963  0.7618  0.3978  0.000100
epoch:29 0.6625  0.9361  0.8325  -1.0000  0.6412  0.6825  0.0943  0.5923  0.7364  -1.0000  0.6936  0.7621  0.3973  0.000100
