epoch:0 0.4404  0.7707  0.4561  -1.0000  0.4419  0.4253  0.0744  0.4788  0.6159  -1.0000  0.5972  0.6224  1.1329  0.010000
epoch:1 0.5389  0.8257  0.6598  -1.0000  0.5537  0.5377  0.0833  0.5325  0.6863  -1.0000  0.6523  0.7053  0.8058  0.010000
epoch:2 0.5747  0.8740  0.7240  -1.0000  0.5659  0.5868  0.0890  0.5458  0.6876  -1.0000  0.6290  0.7176  0.6897  0.010000
epoch:3 0.5834  0.8751  0.7245  -1.0000  0.5544  0.5930  0.0875  0.5526  0.7009  -1.0000  0.6730  0.7126  0.6170  0.010000
epoch:4 0.5232  0.7818  0.6560  -1.0000  0.5150  0.5374  0.0835  0.5136  0.6549  -1.0000  0.6203  0.6699  0.5863  0.010000
epoch:5 0.6088  0.8977  0.7681  -1.0000  0.5876  0.6339  0.0905  0.5609  0.6993  -1.0000  0.6523  0.7260  0.5554  0.010000
epoch:6 0.6103  0.8887  0.7663  -1.0000  0.5942  0.6314  0.0916  0.5685  0.7108  -1.0000  0.6599  0.7471  0.5169  0.010000
epoch:7 0.6285  0.9080  0.7994  -1.0000  0.6112  0.6462  0.0910  0.5799  0.7220  -1.0000  0.6787  0.7451  0.4968  0.010000
epoch:8 0.5887  0.8564  0.7481  -1.0000  0.5572  0.6125  0.0907  0.5478  0.6819  -1.0000  0.6313  0.7103  0.4771  0.010000
epoch:9 0.6311  0.9121  0.8022  -1.0000  0.5958  0.6552  0.0917  0.5731  0.7167  -1.0000  0.6573  0.7490  0.4762  0.010000
epoch:10 0.6545  0.9217  0.8200  -1.0000  0.6286  0.6746  0.0943  0.5864  0.7339  -1.0000  0.6850  0.7596  0.4073  0.001000
epoch:11 0.6606  0.9265  0.8254  -1.0000  0.6359  0.6841  0.0952  0.5909  0.7381  -1.0000  0.6853  0.7685  0.3936  0.001000
epoch:12 0.6591  0.9248  0.8242  -1.0000  0.6307  0.6810  0.0950  0.5902  0.7348  -1.0000  0.6820  0.7649  0.3876  0.001000
epoch:13 0.6605  0.9246  0.8242  -1.0000  0.6322  0.6820  0.0952  0.5905  0.7365  -1.0000  0.6823  0.7663  0.3823  0.001000
epoch:14 0.6394  0.9242  0.8037  -1.0000  0.6146  0.6637  0.0930  0.5767  0.7196  -1.0000  0.6583  0.7544  0.3761  0.001000
epoch:15 0.6595  0.9223  0.8209  -1.0000  0.6260  0.6838  0.0957  0.5902  0.7347  -1.0000  0.6774  0.7678  0.3729  0.001000
epoch:16 0.6557  0.9224  0.8202  -1.0000  0.6261  0.6816  0.0947  0.5867  0.7299  -1.0000  0.6800  0.7617  0.3706  0.001000
epoch:17 0.6594  0.9236  0.8247  -1.0000  0.6299  0.6843  0.0958  0.5904  0.7339  -1.0000  0.6780  0.7673  0.3689  0.001000
epoch:18 0.6609  0.9264  0.8215  -1.0000  0.6321  0.6851  0.0959  0.5916  0.7354  -1.0000  0.6822  0.7673  0.3661  0.001000
epoch:19 0.6604  0.9270  0.8244  -1.0000  0.6227  0.6815  0.0956  0.5899  0.7343  -1.0000  0.6745  0.7651  0.3647  0.001000
epoch:20 0.6620  0.9240  0.8245  -1.0000  0.6279  0.6841  0.0956  0.5915  0.7348  -1.0000  0.6775  0.7665  0.3558  0.000100
epoch:21 0.6593  0.9228  0.8227  -1.0000  0.6204  0.6823  0.0958  0.5891  0.7329  -1.0000  0.6740  0.7645  0.3553  0.000100
epoch:22 0.6603  0.9239  0.8216  -1.0000  0.6268  0.6825  0.0959  0.5913  0.7347  -1.0000  0.6775  0.7665  0.3545  0.000100
epoch:23 0.6591  0.9241  0.8233  -1.0000  0.6243  0.6829  0.0954  0.5901  0.7324  -1.0000  0.6738  0.7648  0.3548  0.000100
epoch:24 0.6601  0.9241  0.8232  -1.0000  0.6239  0.6831  0.0959  0.5901  0.7333  -1.0000  0.6749  0.7656  0.3531  0.000100
epoch:25 0.6609  0.9248  0.8279  -1.0000  0.6278  0.6838  0.0954  0.5908  0.7337  -1.0000  0.6769  0.7652  0.3536  0.000100
epoch:26 0.6596  0.9242  0.8217  -1.0000  0.6229  0.6801  0.0951  0.5910  0.7330  -1.0000  0.6731  0.7659  0.3545  0.000100
epoch:27 0.6597  0.9241  0.8225  -1.0000  0.6246  0.6817  0.0956  0.5904  0.7325  -1.0000  0.6773  0.7636  0.3533  0.000100
epoch:28 0.6616  0.9248  0.8284  -1.0000  0.6242  0.6858  0.0959  0.5910  0.7340  -1.0000  0.6756  0.7664  0.3513  0.000100
epoch:29 0.6614  0.9280  0.8222  -1.0000  0.6261  0.6846  0.0950  0.5914  0.7343  -1.0000  0.6755  0.7662  0.3527  0.000100
