epoch:0 0.5579  0.8166  0.7028  -1.0000  0.4647  0.5733  0.0855  0.5455  0.7158  -1.0000  0.6633  0.7472  0.8643  0.010000
epoch:1 0.6159  0.8752  0.7854  -1.0000  0.5131  0.6490  0.0908  0.5749  0.7315  -1.0000  0.6914  0.7533  0.6204  0.010000
epoch:2 0.6240  0.8868  0.7876  -1.0000  0.5249  0.6676  0.0945  0.5788  0.7301  -1.0000  0.6760  0.7655  0.5557  0.010000
epoch:3 0.6453  0.9020  0.8161  -1.0000  0.5489  0.6847  0.0950  0.5906  0.7423  -1.0000  0.6940  0.7697  0.4611  0.001000
epoch:4 0.6534  0.9145  0.8266  -1.0000  0.5612  0.6947  0.0954  0.5909  0.7437  -1.0000  0.6950  0.7719  0.4443  0.001000
epoch:5 0.6613  0.9177  0.8314  -1.0000  0.5682  0.7027  0.0964  0.5932  0.7438  -1.0000  0.6932  0.7721  0.4379  0.001000
epoch:6 0.6611  0.9179  0.8332  -1.0000  0.5689  0.7029  0.0964  0.5943  0.7446  -1.0000  0.6947  0.7734  0.4253  0.000100
epoch:7 0.6631  0.9188  0.8334  -1.0000  0.5696  0.7057  0.0965  0.5953  0.7453  -1.0000  0.6960  0.7741  0.4226  0.000100
epoch:8 0.6633  0.9190  0.8336  -1.0000  0.5700  0.7052  0.0965  0.5946  0.7455  -1.0000  0.6986  0.7731  0.4215  0.000100
epoch:9 0.6635  0.9191  0.8344  -1.0000  0.5697  0.7053  0.0966  0.5941  0.7454  -1.0000  0.6981  0.7734  0.4200  0.000010
epoch:10 0.6631  0.9190  0.8339  -1.0000  0.5695  0.7056  0.0967  0.5943  0.7455  -1.0000  0.6978  0.7737  0.4191  0.000010
epoch:11 0.6634  0.9192  0.8339  -1.0000  0.5696  0.7054  0.0966  0.5944  0.7452  -1.0000  0.6976  0.7733  0.4174  0.000010
epoch:12 0.6634  0.9191  0.8342  -1.0000  0.5696  0.7055  0.0966  0.5946  0.7453  -1.0000  0.6977  0.7734  0.4187  0.000001
epoch:13 0.6636  0.9192  0.8342  -1.0000  0.5697  0.7055  0.0966  0.5946  0.7453  -1.0000  0.6977  0.7734  0.4180  0.000001
epoch:14 0.6635  0.9192  0.8339  -1.0000  0.5694  0.7056  0.0967  0.5946  0.7453  -1.0000  0.6975  0.7736  0.4195  0.000001
epoch:15 0.6633  0.9192  0.8339  -1.0000  0.5693  0.7056  0.0967  0.5946  0.7453  -1.0000  0.6974  0.7736  0.4186  0.000000
epoch:16 0.6633  0.9192  0.8339  -1.0000  0.5693  0.7051  0.0967  0.5946  0.7452  -1.0000  0.6974  0.7734  0.4187  0.000000
epoch:17 0.6633  0.9192  0.8339  -1.0000  0.5694  0.7051  0.0967  0.5946  0.7452  -1.0000  0.6974  0.7734  0.4196  0.000000
epoch:18 0.6633  0.9192  0.8343  -1.0000  0.5694  0.7051  0.0967  0.5946  0.7452  -1.0000  0.6974  0.7734  0.4192  0.000000
epoch:19 0.6635  0.9192  0.8339  -1.0000  0.5694  0.7056  0.0966  0.5946  0.7453  -1.0000  0.6975  0.7735  0.4181  0.000000
