epoch:0 0.5983  0.8644  0.7538  -1.0000  0.4810  0.6503  0.0923  0.5722  0.7210  -1.0000  0.6743  0.7562  0.6792  0.010000
epoch:1 0.6219  0.8888  0.7839  -1.0000  0.5256  0.6641  0.0922  0.5761  0.7303  -1.0000  0.6809  0.7647  0.5317  0.010000
epoch:2 0.6377  0.9010  0.8092  -1.0000  0.5424  0.6820  0.0934  0.5790  0.7308  -1.0000  0.6728  0.7695  0.5076  0.010000
epoch:3 0.6643  0.9233  0.8298  -1.0000  0.5758  0.7057  0.0962  0.5926  0.7439  -1.0000  0.6938  0.7734  0.4396  0.001000
epoch:4 0.6670  0.9245  0.8345  -1.0000  0.5739  0.7093  0.0965  0.5939  0.7436  -1.0000  0.6939  0.7748  0.4197  0.001000
epoch:5 0.6679  0.9301  0.8375  -1.0000  0.5786  0.7125  0.0967  0.5936  0.7414  -1.0000  0.6849  0.7763  0.4094  0.001000
epoch:6 0.6702  0.9297  0.8420  -1.0000  0.5834  0.7128  0.0968  0.5956  0.7438  -1.0000  0.6918  0.7765  0.3964  0.000100
epoch:7 0.6692  0.9247  0.8374  -1.0000  0.5836  0.7123  0.0971  0.5937  0.7428  -1.0000  0.6921  0.7749  0.3951  0.000100
epoch:8 0.6689  0.9290  0.8409  -1.0000  0.5837  0.7107  0.0965  0.5936  0.7427  -1.0000  0.6893  0.7748  0.3919  0.000100
epoch:9 0.6709  0.9304  0.8426  -1.0000  0.5870  0.7125  0.0966  0.5938  0.7435  -1.0000  0.6936  0.7738  0.3919  0.000010
epoch:10 0.6721  0.9304  0.8461  -1.0000  0.5886  0.7127  0.0965  0.5959  0.7453  -1.0000  0.6957  0.7754  0.3927  0.000010
epoch:11 0.6711  0.9313  0.8429  -1.0000  0.5870  0.7140  0.0965  0.5950  0.7437  -1.0000  0.6933  0.7754  0.3931  0.000010
epoch:12 0.6704  0.9295  0.8378  -1.0000  0.5826  0.7127  0.0969  0.5939  0.7434  -1.0000  0.6915  0.7747  0.3893  0.000001
epoch:13 0.6698  0.9289  0.8407  -1.0000  0.5837  0.7124  0.0964  0.5942  0.7435  -1.0000  0.6907  0.7761  0.3927  0.000001
epoch:14 0.6698  0.9261  0.8391  -1.0000  0.5811  0.7136  0.0969  0.5939  0.7428  -1.0000  0.6891  0.7757  0.3914  0.000001
epoch:15 0.6708  0.9270  0.8383  -1.0000  0.5844  0.7125  0.0966  0.5945  0.7435  -1.0000  0.6943  0.7748  0.3920  0.000000
epoch:16 0.6686  0.9281  0.8387  -1.0000  0.5849  0.7096  0.0960  0.5943  0.7437  -1.0000  0.6947  0.7733  0.3936  0.000000
epoch:17 0.6711  0.9263  0.8424  -1.0000  0.5837  0.7141  0.0966  0.5936  0.7439  -1.0000  0.6945  0.7758  0.3908  0.000000
epoch:18 0.6722  0.9308  0.8460  -1.0000  0.5865  0.7131  0.0967  0.5945  0.7450  -1.0000  0.6954  0.7744  0.3944  0.000000
epoch:19 0.6716  0.9309  0.8374  -1.0000  0.5873  0.7133  0.0964  0.5952  0.7444  -1.0000  0.6967  0.7729  0.3916  0.000000
