epoch:0 0.4688  0.7702  0.5414  -1.0000  0.3600  0.4997  0.0792  0.5002  0.6417  -1.0000  0.6149  0.6526  1.1329  0.010000
epoch:1 0.5515  0.8265  0.6891  -1.0000  0.4452  0.5730  0.0846  0.5382  0.6959  -1.0000  0.6581  0.7192  0.8058  0.010000
epoch:2 0.6003  0.8737  0.7629  -1.0000  0.5007  0.6398  0.0917  0.5598  0.7045  -1.0000  0.6478  0.7309  0.6897  0.010000
epoch:3 0.5994  0.8743  0.7509  -1.0000  0.4751  0.6383  0.0888  0.5604  0.7103  -1.0000  0.6812  0.7249  0.6170  0.010000
epoch:4 0.5350  0.7783  0.6827  -1.0000  0.4244  0.5701  0.0856  0.5191  0.6611  -1.0000  0.6152  0.6841  0.5863  0.010000
epoch:5 0.6281  0.8977  0.7965  -1.0000  0.5260  0.6717  0.0923  0.5701  0.7092  -1.0000  0.6650  0.7387  0.5554  0.010000
epoch:6 0.6228  0.8886  0.7850  -1.0000  0.5167  0.6684  0.0923  0.5734  0.7170  -1.0000  0.6707  0.7501  0.5169  0.010000
epoch:7 0.6418  0.9078  0.8173  -1.0000  0.5367  0.6801  0.0930  0.5853  0.7274  -1.0000  0.6848  0.7528  0.4968  0.010000
epoch:8 0.6063  0.8564  0.7693  -1.0000  0.4878  0.6516  0.0928  0.5565  0.6921  -1.0000  0.6367  0.7234  0.4771  0.010000
epoch:9 0.6420  0.9122  0.8165  -1.0000  0.5488  0.6874  0.0932  0.5787  0.7223  -1.0000  0.6586  0.7559  0.4762  0.010000
epoch:10 0.6552  0.9217  0.8294  -1.0000  0.5693  0.6956  0.0937  0.5824  0.7281  -1.0000  0.6830  0.7545  0.4073  0.001000
epoch:11 0.6623  0.9266  0.8330  -1.0000  0.5765  0.7043  0.0945  0.5871  0.7332  -1.0000  0.6823  0.7636  0.3936  0.001000
epoch:12 0.6612  0.9247  0.8323  -1.0000  0.5737  0.7028  0.0947  0.5873  0.7303  -1.0000  0.6776  0.7618  0.3876  0.001000
epoch:13 0.6622  0.9247  0.8329  -1.0000  0.5764  0.7029  0.0954  0.5871  0.7314  -1.0000  0.6794  0.7615  0.3823  0.001000
epoch:14 0.6586  0.9242  0.8273  -1.0000  0.5671  0.7039  0.0946  0.5845  0.7275  -1.0000  0.6654  0.7636  0.3761  0.001000
epoch:15 0.6600  0.9223  0.8340  -1.0000  0.5735  0.7026  0.0949  0.5860  0.7284  -1.0000  0.6731  0.7615  0.3729  0.001000
epoch:16 0.6601  0.9224  0.8277  -1.0000  0.5737  0.7014  0.0949  0.5865  0.7286  -1.0000  0.6808  0.7579  0.3706  0.001000
epoch:17 0.6613  0.9237  0.8352  -1.0000  0.5778  0.7047  0.0950  0.5869  0.7286  -1.0000  0.6725  0.7631  0.3689  0.001000
epoch:18 0.6641  0.9265  0.8377  -1.0000  0.5802  0.7055  0.0956  0.5880  0.7306  -1.0000  0.6788  0.7623  0.3661  0.001000
epoch:19 0.6622  0.9236  0.8324  -1.0000  0.5749  0.7044  0.0955  0.5869  0.7309  -1.0000  0.6747  0.7633  0.3647  0.001000
epoch:20 0.6628  0.9242  0.8388  -1.0000  0.5761  0.7047  0.0947  0.5874  0.7295  -1.0000  0.6762  0.7610  0.3558  0.000100
epoch:21 0.6606  0.9230  0.8318  -1.0000  0.5724  0.7039  0.0954  0.5858  0.7282  -1.0000  0.6724  0.7610  0.3553  0.000100
epoch:22 0.6623  0.9241  0.8346  -1.0000  0.5762  0.7044  0.0952  0.5876  0.7299  -1.0000  0.6755  0.7621  0.3545  0.000100
epoch:23 0.6600  0.9241  0.8311  -1.0000  0.5710  0.7042  0.0952  0.5861  0.7266  -1.0000  0.6700  0.7604  0.3548  0.000100
epoch:24 0.6614  0.9242  0.8321  -1.0000  0.5752  0.7015  0.0948  0.5863  0.7282  -1.0000  0.6746  0.7588  0.3531  0.000100
epoch:25 0.6629  0.9248  0.8316  -1.0000  0.5754  0.7049  0.0952  0.5881  0.7292  -1.0000  0.6735  0.7614  0.3536  0.000100
epoch:26 0.6612  0.9242  0.8285  -1.0000  0.5758  0.7020  0.0947  0.5870  0.7286  -1.0000  0.6745  0.7597  0.3545  0.000100
epoch:27 0.6619  0.9241  0.8346  -1.0000  0.5748  0.7022  0.0950  0.5864  0.7280  -1.0000  0.6771  0.7574  0.3533  0.000100
epoch:28 0.6618  0.9248  0.8308  -1.0000  0.5735  0.7035  0.0953  0.5863  0.7285  -1.0000  0.6738  0.7600  0.3513  0.000100
epoch:29 0.6631  0.9280  0.8349  -1.0000  0.5750  0.7044  0.0948  0.5876  0.7300  -1.0000  0.6748  0.7610  0.3527  0.000100
