epoch:0 0.5300  0.8201  0.6604  -1.0000  0.4330  0.5518  0.0833  0.5197  0.6646  -1.0000  0.6466  0.6724  1.0828  0.010000
epoch:1 0.5913  0.8842  0.7466  -1.0000  0.5077  0.6243  0.0874  0.5484  0.6924  -1.0000  0.6477  0.7195  0.7309  0.010000
epoch:2 0.6152  0.8956  0.7842  -1.0000  0.5124  0.6547  0.0898  0.5626  0.7093  -1.0000  0.6656  0.7317  0.6518  0.010000
epoch:3 0.6113  0.8954  0.7667  -1.0000  0.5289  0.6457  0.0900  0.5623  0.7040  -1.0000  0.6646  0.7219  0.5989  0.010000
epoch:4 0.6285  0.9140  0.7884  -1.0000  0.5373  0.6666  0.0908  0.5670  0.7106  -1.0000  0.6856  0.7289  0.5556  0.010000
epoch:5 0.6328  0.9159  0.7952  -1.0000  0.5496  0.6774  0.0919  0.5726  0.7143  -1.0000  0.6593  0.7460  0.5421  0.010000
epoch:6 0.6342  0.9068  0.8018  -1.0000  0.5477  0.6767  0.0929  0.5760  0.7166  -1.0000  0.6672  0.7423  0.5293  0.010000
epoch:7 0.6380  0.9064  0.8132  -1.0000  0.5513  0.6777  0.0925  0.5784  0.7214  -1.0000  0.6821  0.7460  0.5157  0.010000
epoch:8 0.6374  0.9140  0.8125  -1.0000  0.5583  0.6715  0.0918  0.5774  0.7248  -1.0000  0.6912  0.7499  0.4974  0.010000
epoch:9 0.6429  0.9125  0.8156  -1.0000  0.5626  0.6829  0.0938  0.5784  0.7179  -1.0000  0.6786  0.7445  0.4900  0.010000
epoch:10 0.6685  0.9387  0.8473  -1.0000  0.6001  0.7047  0.0937  0.5922  0.7388  -1.0000  0.6992  0.7649  0.4351  0.001000
epoch:11 0.6670  0.9398  0.8469  -1.0000  0.6018  0.7022  0.0942  0.5901  0.7366  -1.0000  0.6945  0.7633  0.4263  0.001000
epoch:12 0.6703  0.9362  0.8483  -1.0000  0.6003  0.7087  0.0943  0.5931  0.7399  -1.0000  0.6983  0.7671  0.4196  0.001000
epoch:13 0.6667  0.9361  0.8463  -1.0000  0.5988  0.7052  0.0941  0.5906  0.7361  -1.0000  0.6945  0.7623  0.4178  0.001000
epoch:14 0.6694  0.9361  0.8437  -1.0000  0.6012  0.7072  0.0945  0.5927  0.7375  -1.0000  0.6936  0.7658  0.4164  0.001000
epoch:15 0.6648  0.9358  0.8423  -1.0000  0.5974  0.7024  0.0941  0.5902  0.7341  -1.0000  0.6890  0.7621  0.4143  0.001000
epoch:16 0.6678  0.9356  0.8490  -1.0000  0.5989  0.7067  0.0940  0.5921  0.7370  -1.0000  0.6943  0.7650  0.4129  0.001000
epoch:17 0.6681  0.9368  0.8426  -1.0000  0.5992  0.7079  0.0945  0.5928  0.7369  -1.0000  0.6913  0.7664  0.4117  0.001000
epoch:18 0.6699  0.9362  0.8432  -1.0000  0.6023  0.7063  0.0944  0.5928  0.7379  -1.0000  0.6964  0.7637  0.4104  0.001000
epoch:19 0.6666  0.9359  0.8430  -1.0000  0.5975  0.7030  0.0946  0.5900  0.7337  -1.0000  0.6952  0.7580  0.4073  0.001000
epoch:20 0.6684  0.9365  0.8450  -1.0000  0.5997  0.7048  0.0949  0.5926  0.7360  -1.0000  0.6950  0.7623  0.4037  0.000100
epoch:21 0.6669  0.9357  0.8411  -1.0000  0.5986  0.7037  0.0946  0.5915  0.7352  -1.0000  0.6936  0.7615  0.4001  0.000100
epoch:22 0.6670  0.9362  0.8411  -1.0000  0.5975  0.7036  0.0947  0.5913  0.7353  -1.0000  0.6946  0.7611  0.4000  0.000100
epoch:23 0.6680  0.9364  0.8439  -1.0000  0.5997  0.7042  0.0948  0.5915  0.7357  -1.0000  0.6949  0.7617  0.3992  0.000100
epoch:24 0.6688  0.9359  0.8481  -1.0000  0.6008  0.7050  0.0943  0.5922  0.7363  -1.0000  0.6973  0.7614  0.3983  0.000100
epoch:25 0.6685  0.9363  0.8484  -1.0000  0.6000  0.7047  0.0945  0.5926  0.7370  -1.0000  0.6965  0.7633  0.3998  0.000100
epoch:26 0.6675  0.9363  0.8445  -1.0000  0.5987  0.7035  0.0945  0.5917  0.7358  -1.0000  0.6953  0.7615  0.3979  0.000100
epoch:27 0.6684  0.9362  0.8418  -1.0000  0.5994  0.7052  0.0946  0.5920  0.7360  -1.0000  0.6953  0.7618  0.3993  0.000100
epoch:28 0.6684  0.9358  0.8453  -1.0000  0.5996  0.7048  0.0945  0.5927  0.7367  -1.0000  0.6965  0.7623  0.3978  0.000100
epoch:29 0.6683  0.9360  0.8456  -1.0000  0.5993  0.7045  0.0945  0.5920  0.7363  -1.0000  0.6958  0.7620  0.3973  0.000100
