epoch:0 0.5849  0.8507  0.7386  -1.0000  0.4627  0.6315  0.0890  0.5618  0.7122  -1.0000  0.6564  0.7442  0.6813  0.010000
epoch:1 0.6372  0.9026  0.7982  -1.0000  0.5217  0.6768  0.0921  0.5802  0.7347  -1.0000  0.7047  0.7524  0.5377  0.010000
epoch:2 0.6457  0.9120  0.8079  -1.0000  0.5560  0.6901  0.0944  0.5868  0.7365  -1.0000  0.6850  0.7645  0.5007  0.010000
epoch:3 0.6399  0.8943  0.8061  -1.0000  0.5113  0.6832  0.0945  0.5840  0.7310  -1.0000  0.6835  0.7562  0.4873  0.010000
epoch:4 0.6538  0.9128  0.8181  -1.0000  0.5555  0.6983  0.0946  0.5850  0.7320  -1.0000  0.6836  0.7650  0.4768  0.010000
epoch:5 0.6529  0.9149  0.8175  -1.0000  0.5561  0.6906  0.0936  0.5867  0.7353  -1.0000  0.6961  0.7529  0.4604  0.010000
epoch:6 0.6502  0.9121  0.8163  -1.0000  0.5575  0.6859  0.0934  0.5865  0.7390  -1.0000  0.7072  0.7573  0.4370  0.010000
epoch:7 0.6545  0.9113  0.8180  -1.0000  0.5661  0.6943  0.0956  0.5890  0.7342  -1.0000  0.6880  0.7577  0.4382  0.010000
epoch:8 0.6390  0.8958  0.8073  -1.0000  0.5432  0.6797  0.0950  0.5815  0.7268  -1.0000  0.6702  0.7589  0.4283  0.010000
epoch:9 0.6614  0.9199  0.8357  -1.0000  0.5667  0.7043  0.0946  0.5884  0.7383  -1.0000  0.6887  0.7669  0.4291  0.010000
epoch:10 0.6737  0.9306  0.8499  -1.0000  0.5921  0.7149  0.0964  0.5955  0.7428  -1.0000  0.6903  0.7733  0.3830  0.001000
epoch:11 0.6742  0.9294  0.8473  -1.0000  0.5922  0.7140  0.0966  0.5965  0.7438  -1.0000  0.6945  0.7730  0.3676  0.001000
epoch:12 0.6722  0.9274  0.8421  -1.0000  0.5904  0.7152  0.0963  0.5953  0.7407  -1.0000  0.6879  0.7727  0.3594  0.001000
epoch:13 0.6728  0.9282  0.8458  -1.0000  0.5880  0.7145  0.0964  0.5957  0.7413  -1.0000  0.6869  0.7723  0.3535  0.001000
epoch:14 0.6710  0.9272  0.8394  -1.0000  0.5876  0.7121  0.0964  0.5946  0.7400  -1.0000  0.6865  0.7710  0.3487  0.001000
epoch:15 0.6717  0.9292  0.8474  -1.0000  0.5876  0.7139  0.0957  0.5932  0.7389  -1.0000  0.6849  0.7718  0.3448  0.001000
epoch:16 0.6723  0.9301  0.8483  -1.0000  0.5867  0.7143  0.0960  0.5940  0.7387  -1.0000  0.6837  0.7707  0.3418  0.001000
epoch:17 0.6698  0.9245  0.8409  -1.0000  0.5860  0.7115  0.0956  0.5925  0.7364  -1.0000  0.6821  0.7684  0.3379  0.001000
epoch:18 0.6681  0.9245  0.8382  -1.0000  0.5869  0.7089  0.0956  0.5926  0.7358  -1.0000  0.6795  0.7690  0.3376  0.001000
epoch:19 0.6678  0.9294  0.8353  -1.0000  0.5853  0.7116  0.0954  0.5901  0.7347  -1.0000  0.6751  0.7725  0.3323  0.001000
epoch:20 0.6674  0.9282  0.8347  -1.0000  0.5843  0.7100  0.0955  0.5907  0.7342  -1.0000  0.6758  0.7692  0.3233  0.000100
epoch:21 0.6659  0.9244  0.8298  -1.0000  0.5873  0.7076  0.0955  0.5902  0.7333  -1.0000  0.6755  0.7670  0.3234  0.000100
epoch:22 0.6668  0.9246  0.8351  -1.0000  0.5859  0.7090  0.0950  0.5910  0.7340  -1.0000  0.6771  0.7681  0.3237  0.000100
epoch:23 0.6659  0.9254  0.8319  -1.0000  0.5837  0.7098  0.0958  0.5901  0.7327  -1.0000  0.6728  0.7682  0.3215  0.000100
epoch:24 0.6669  0.9293  0.8325  -1.0000  0.5825  0.7103  0.0948  0.5904  0.7332  -1.0000  0.6720  0.7688  0.3216  0.000100
epoch:25 0.6668  0.9259  0.8331  -1.0000  0.5834  0.7093  0.0956  0.5897  0.7333  -1.0000  0.6767  0.7674  0.3218  0.000100
epoch:26 0.6653  0.9238  0.8294  -1.0000  0.5841  0.7064  0.0956  0.5901  0.7328  -1.0000  0.6749  0.7651  0.3219  0.000100
epoch:27 0.6658  0.9250  0.8352  -1.0000  0.5830  0.7085  0.0957  0.5903  0.7332  -1.0000  0.6763  0.7673  0.3210  0.000100
epoch:28 0.6653  0.9254  0.8319  -1.0000  0.5825  0.7078  0.0952  0.5903  0.7329  -1.0000  0.6749  0.7666  0.3206  0.000100
epoch:29 0.6651  0.9253  0.8310  -1.0000  0.5815  0.7074  0.0951  0.5879  0.7319  -1.0000  0.6709  0.7670  0.3178  0.000100
epoch:30 0.6657  0.9246  0.8300  -1.0000  0.5845  0.7088  0.0951  0.5891  0.7329  -1.0000  0.6748  0.7670  0.3190  0.000010
epoch:31 0.6646  0.9240  0.8298  -1.0000  0.5811  0.7067  0.0955  0.5896  0.7311  -1.0000  0.6731  0.7647  0.3179  0.000010
epoch:32 0.6649  0.9249  0.8312  -1.0000  0.5805  0.7078  0.0957  0.5894  0.7316  -1.0000  0.6734  0.7669  0.3195  0.000010
epoch:33 0.6652  0.9249  0.8305  -1.0000  0.5800  0.7084  0.0956  0.5898  0.7327  -1.0000  0.6744  0.7662  0.3181  0.000010
epoch:34 0.6652  0.9255  0.8314  -1.0000  0.5838  0.7081  0.0957  0.5889  0.7322  -1.0000  0.6732  0.7664  0.3178  0.000010
epoch:35 0.6649  0.9256  0.8325  -1.0000  0.5841  0.7079  0.0955  0.5894  0.7319  -1.0000  0.6746  0.7672  0.3165  0.000010
epoch:36 0.6654  0.9247  0.8323  -1.0000  0.5793  0.7086  0.0954  0.5892  0.7310  -1.0000  0.6726  0.7664  0.3172  0.000010
epoch:37 0.6639  0.9244  0.8290  -1.0000  0.5818  0.7069  0.0958  0.5888  0.7312  -1.0000  0.6713  0.7658  0.3190  0.000010
epoch:38 0.6647  0.9249  0.8345  -1.0000  0.5851  0.7065  0.0951  0.5901  0.7324  -1.0000  0.6753  0.7665  0.3176  0.000010
epoch:39 0.6662  0.9252  0.8311  -1.0000  0.5826  0.7079  0.0956  0.5901  0.7325  -1.0000  0.6752  0.7666  0.3184  0.000010
epoch:40 0.6659  0.9248  0.8302  -1.0000  0.5840  0.7077  0.0957  0.5900  0.7328  -1.0000  0.6739  0.7670  0.3177  0.000001
epoch:41 0.6635  0.9246  0.8306  -1.0000  0.5797  0.7080  0.0952  0.5886  0.7303  -1.0000  0.6688  0.7673  0.3170  0.000001
epoch:42 0.6636  0.9249  0.8306  -1.0000  0.5815  0.7066  0.0957  0.5890  0.7316  -1.0000  0.6735  0.7662  0.3176  0.000001
epoch:43 0.6655  0.9256  0.8310  -1.0000  0.5840  0.7067  0.0955  0.5900  0.7324  -1.0000  0.6734  0.7670  0.3196  0.000001
epoch:44 0.6655  0.9246  0.8297  -1.0000  0.5782  0.7085  0.0956  0.5905  0.7329  -1.0000  0.6741  0.7672  0.3187  0.000001
epoch:45 0.6656  0.9255  0.8310  -1.0000  0.5841  0.7078  0.0959  0.5900  0.7328  -1.0000  0.6754  0.7673  0.3164  0.000001
epoch:46 0.6659  0.9252  0.8351  -1.0000  0.5812  0.7075  0.0950  0.5915  0.7341  -1.0000  0.6769  0.7686  0.3184  0.000001
epoch:47 0.6649  0.9249  0.8295  -1.0000  0.5801  0.7068  0.0952  0.5889  0.7320  -1.0000  0.6754  0.7649  0.3171  0.000001
epoch:48 0.6640  0.9240  0.8284  -1.0000  0.5793  0.7071  0.0953  0.5885  0.7297  -1.0000  0.6665  0.7651  0.3190  0.000001
epoch:49 0.6620  0.9229  0.8274  -1.0000  0.5793  0.7054  0.0951  0.5884  0.7310  -1.0000  0.6728  0.7649  0.3178  0.000001
epoch:50 0.6629  0.9239  0.8302  -1.0000  0.5811  0.7062  0.0956  0.5885  0.7296  -1.0000  0.6689  0.7658  0.3183  0.000000
epoch:51 0.6644  0.9252  0.8304  -1.0000  0.5791  0.7069  0.0951  0.5896  0.7310  -1.0000  0.6704  0.7664  0.3183  0.000000
epoch:52 0.6663  0.9251  0.8317  -1.0000  0.5826  0.7082  0.0951  0.5907  0.7331  -1.0000  0.6765  0.7661  0.3181  0.000000
epoch:53 0.6639  0.9231  0.8288  -1.0000  0.5822  0.7054  0.0953  0.5891  0.7312  -1.0000  0.6729  0.7648  0.3186  0.000000
epoch:54 0.6649  0.9245  0.8301  -1.0000  0.5804  0.7084  0.0953  0.5898  0.7323  -1.0000  0.6726  0.7680  0.3182  0.000000
epoch:55 0.6674  0.9257  0.8361  -1.0000  0.5865  0.7094  0.0949  0.5910  0.7340  -1.0000  0.6761  0.7685  0.3186  0.000000
epoch:56 0.6625  0.9237  0.8265  -1.0000  0.5822  0.7044  0.0950  0.5888  0.7316  -1.0000  0.6739  0.7651  0.3182  0.000000
epoch:57 0.6650  0.9246  0.8292  -1.0000  0.5845  0.7065  0.0959  0.5894  0.7328  -1.0000  0.6753  0.7664  0.3190  0.000000
epoch:58 0.6638  0.9248  0.8299  -1.0000  0.5814  0.7058  0.0954  0.5896  0.7322  -1.0000  0.6752  0.7649  0.3177  0.000000
epoch:59 0.6646  0.9256  0.8303  -1.0000  0.5806  0.7078  0.0952  0.5901  0.7323  -1.0000  0.6723  0.7680  0.3186  0.000000
epoch:60 0.6655  0.9252  0.8317  -1.0000  0.5848  0.7081  0.0955  0.5903  0.7327  -1.0000  0.6736  0.7679  0.3164  0.000000
epoch:61 0.6638  0.9254  0.8313  -1.0000  0.5849  0.7055  0.0951  0.5894  0.7320  -1.0000  0.6746  0.7659  0.3185  0.000000
epoch:62 0.6661  0.9262  0.8364  -1.0000  0.5858  0.7080  0.0955  0.5901  0.7331  -1.0000  0.6765  0.7668  0.3186  0.000000
epoch:63 0.6658  0.9250  0.8313  -1.0000  0.5856  0.7065  0.0950  0.5906  0.7334  -1.0000  0.6784  0.7654  0.3179  0.000000
epoch:64 0.6648  0.9249  0.8286  -1.0000  0.5839  0.7065  0.0951  0.5899  0.7314  -1.0000  0.6722  0.7668  0.3167  0.000000
epoch:65 0.6634  0.9241  0.8296  -1.0000  0.5788  0.7066  0.0956  0.5881  0.7304  -1.0000  0.6687  0.7650  0.3173  0.000000
epoch:66 0.6658  0.9252  0.8317  -1.0000  0.5843  0.7080  0.0956  0.5907  0.7328  -1.0000  0.6735  0.7674  0.3178  0.000000
epoch:67 0.6643  0.9244  0.8270  -1.0000  0.5797  0.7081  0.0956  0.5900  0.7309  -1.0000  0.6717  0.7672  0.3186  0.000000
epoch:68 0.6645  0.9235  0.8315  -1.0000  0.5826  0.7060  0.0957  0.5896  0.7324  -1.0000  0.6753  0.7659  0.3183  0.000000
epoch:69 0.6657  0.9254  0.8319  -1.0000  0.5836  0.7073  0.0955  0.5908  0.7334  -1.0000  0.6757  0.7673  0.3195  0.000000
epoch:70 0.6645  0.9251  0.8350  -1.0000  0.5829  0.7069  0.0958  0.5891  0.7316  -1.0000  0.6741  0.7662  0.3183  0.000000
epoch:71 0.6651  0.9252  0.8289  -1.0000  0.5846  0.7070  0.0952  0.5898  0.7326  -1.0000  0.6749  0.7666  0.3200  0.000000
epoch:72 0.6640  0.9249  0.8298  -1.0000  0.5820  0.7070  0.0954  0.5901  0.7313  -1.0000  0.6724  0.7667  0.3179  0.000000
epoch:73 0.6647  0.9248  0.8308  -1.0000  0.5831  0.7062  0.0954  0.5893  0.7325  -1.0000  0.6764  0.7650  0.3180  0.000000
epoch:74 0.6662  0.9291  0.8321  -1.0000  0.5823  0.7089  0.0952  0.5897  0.7327  -1.0000  0.6731  0.7679  0.3187  0.000000
epoch:75 0.6677  0.9258  0.8362  -1.0000  0.5842  0.7091  0.0952  0.5912  0.7339  -1.0000  0.6754  0.7682  0.3161  0.000000
epoch:76 0.6649  0.9256  0.8313  -1.0000  0.5845  0.7089  0.0952  0.5892  0.7319  -1.0000  0.6719  0.7685  0.3183  0.000000
epoch:77 0.6652  0.9250  0.8288  -1.0000  0.5768  0.7080  0.0956  0.5891  0.7318  -1.0000  0.6712  0.7670  0.3183  0.000000
epoch:78 0.6661  0.9251  0.8301  -1.0000  0.5838  0.7083  0.0953  0.5889  0.7319  -1.0000  0.6737  0.7664  0.3186  0.000000
epoch:79 0.6634  0.9234  0.8296  -1.0000  0.5810  0.7057  0.0960  0.5906  0.7319  -1.0000  0.6728  0.7670  0.3181  0.000000
epoch:80 0.6651  0.9247  0.8299  -1.0000  0.5836  0.7071  0.0950  0.5898  0.7327  -1.0000  0.6756  0.7660  0.3161  0.000000
epoch:81 0.6652  0.9252  0.8351  -1.0000  0.5825  0.7086  0.0955  0.5896  0.7322  -1.0000  0.6709  0.7685  0.3181  0.000000
epoch:82 0.6629  0.9242  0.8287  -1.0000  0.5830  0.7054  0.0952  0.5887  0.7315  -1.0000  0.6759  0.7647  0.3183  0.000000
epoch:83 0.6644  0.9254  0.8309  -1.0000  0.5835  0.7073  0.0955  0.5888  0.7310  -1.0000  0.6716  0.7666  0.3183  0.000000
epoch:84 0.6657  0.9250  0.8347  -1.0000  0.5855  0.7089  0.0955  0.5902  0.7328  -1.0000  0.6738  0.7683  0.3184  0.000000
epoch:85 0.6655  0.9254  0.8312  -1.0000  0.5844  0.7099  0.0953  0.5899  0.7329  -1.0000  0.6719  0.7695  0.3184  0.000000
epoch:86 0.6621  0.9240  0.8291  -1.0000  0.5814  0.7042  0.0947  0.5875  0.7306  -1.0000  0.6721  0.7640  0.3166  0.000000
epoch:87 0.6676  0.9259  0.8326  -1.0000  0.5827  0.7101  0.0952  0.5908  0.7340  -1.0000  0.6765  0.7690  0.3170  0.000000
epoch:88 0.6655  0.9256  0.8302  -1.0000  0.5848  0.7078  0.0954  0.5896  0.7319  -1.0000  0.6746  0.7665  0.3172  0.000000
epoch:89 0.6638  0.9239  0.8280  -1.0000  0.5816  0.7052  0.0952  0.5902  0.7325  -1.0000  0.6764  0.7650  0.3187  0.000000
epoch:90 0.6663  0.9257  0.8334  -1.0000  0.5825  0.7081  0.0953  0.5912  0.7336  -1.0000  0.6773  0.7668  0.3180  0.000000
epoch:91 0.6669  0.9256  0.8319  -1.0000  0.5817  0.7084  0.0955  0.5894  0.7326  -1.0000  0.6738  0.7671  0.3181  0.000000
epoch:92 0.6648  0.9250  0.8312  -1.0000  0.5824  0.7061  0.0953  0.5895  0.7327  -1.0000  0.6755  0.7666  0.3176  0.000000
epoch:93 0.6642  0.9246  0.8310  -1.0000  0.5846  0.7067  0.0952  0.5901  0.7323  -1.0000  0.6756  0.7657  0.3176  0.000000
epoch:94 0.6633  0.9239  0.8295  -1.0000  0.5822  0.7052  0.0955  0.5892  0.7320  -1.0000  0.6737  0.7655  0.3173  0.000000
epoch:95 0.6648  0.9252  0.8303  -1.0000  0.5830  0.7060  0.0952  0.5892  0.7320  -1.0000  0.6718  0.7665  0.3168  0.000000
epoch:96 0.6655  0.9255  0.8303  -1.0000  0.5806  0.7086  0.0956  0.5892  0.7323  -1.0000  0.6725  0.7674  0.3170  0.000000
epoch:97 0.6656  0.9252  0.8318  -1.0000  0.5817  0.7082  0.0954  0.5894  0.7319  -1.0000  0.6742  0.7663  0.3158  0.000000
epoch:98 0.6632  0.9250  0.8297  -1.0000  0.5809  0.7051  0.0953  0.5895  0.7313  -1.0000  0.6705  0.7661  0.3168  0.000000
epoch:99 0.6637  0.9215  0.8303  -1.0000  0.5770  0.7081  0.0952  0.5881  0.7298  -1.0000  0.6676  0.7652  0.3178  0.000000
epoch:100 0.6654  0.9246  0.8301  -1.0000  0.5802  0.7074  0.0956  0.5902  0.7322  -1.0000  0.6721  0.7673  0.3195  0.000000
epoch:101 0.6662  0.9290  0.8315  -1.0000  0.5814  0.7081  0.0955  0.5904  0.7337  -1.0000  0.6770  0.7670  0.3187  0.000000
epoch:102 0.6636  0.9233  0.8282  -1.0000  0.5804  0.7072  0.0952  0.5886  0.7310  -1.0000  0.6707  0.7652  0.3190  0.000000
epoch:103 0.6654  0.9254  0.8317  -1.0000  0.5852  0.7065  0.0949  0.5895  0.7320  -1.0000  0.6745  0.7655  0.3178  0.000000
epoch:104 0.6638  0.9241  0.8295  -1.0000  0.5850  0.7049  0.0958  0.5900  0.7321  -1.0000  0.6761  0.7652  0.3182  0.000000
epoch:105 0.6657  0.9248  0.8303  -1.0000  0.5819  0.7084  0.0956  0.5907  0.7332  -1.0000  0.6759  0.7677  0.3174  0.000000
epoch:106 0.6643  0.9231  0.8275  -1.0000  0.5800  0.7067  0.0955  0.5900  0.7324  -1.0000  0.6754  0.7655  0.3184  0.000000
epoch:107 0.6630  0.9233  0.8327  -1.0000  0.5812  0.7050  0.0951  0.5888  0.7312  -1.0000  0.6738  0.7650  0.3189  0.000000
epoch:108 0.6647  0.9249  0.8305  -1.0000  0.5840  0.7065  0.0955  0.5897  0.7317  -1.0000  0.6742  0.7658  0.3188  0.000000
epoch:109 0.6650  0.9255  0.8305  -1.0000  0.5850  0.7060  0.0958  0.5890  0.7316  -1.0000  0.6740  0.7655  0.3170  0.000000
epoch:110 0.6667  0.9257  0.8320  -1.0000  0.5880  0.7083  0.0949  0.5908  0.7335  -1.0000  0.6767  0.7682  0.3165  0.000000
epoch:111 0.6634  0.9236  0.8325  -1.0000  0.5812  0.7055  0.0954  0.5880  0.7315  -1.0000  0.6759  0.7648  0.3175  0.000000
epoch:112 0.6651  0.9256  0.8309  -1.0000  0.5834  0.7074  0.0954  0.5884  0.7314  -1.0000  0.6733  0.7668  0.3166  0.000000
epoch:113 0.6636  0.9244  0.8309  -1.0000  0.5849  0.7068  0.0949  0.5888  0.7318  -1.0000  0.6730  0.7668  0.3166  0.000000
epoch:114 0.6648  0.9248  0.8314  -1.0000  0.5816  0.7078  0.0955  0.5908  0.7328  -1.0000  0.6757  0.7678  0.3194  0.000000
epoch:115 0.6657  0.9248  0.8307  -1.0000  0.5817  0.7089  0.0955  0.5903  0.7319  -1.0000  0.6720  0.7678  0.3160  0.000000
epoch:116 0.6665  0.9254  0.8328  -1.0000  0.5824  0.7093  0.0955  0.5908  0.7336  -1.0000  0.6753  0.7680  0.3187  0.000000
epoch:117 0.6635  0.9233  0.8275  -1.0000  0.5788  0.7059  0.0950  0.5891  0.7316  -1.0000  0.6737  0.7663  0.3174  0.000000
epoch:118 0.6651  0.9258  0.8317  -1.0000  0.5822  0.7081  0.0953  0.5901  0.7327  -1.0000  0.6733  0.7677  0.3172  0.000000
epoch:119 0.6645  0.9248  0.8297  -1.0000  0.5841  0.7061  0.0952  0.5895  0.7324  -1.0000  0.6746  0.7653  0.3199  0.000000
epoch:120 0.6657  0.9251  0.8297  -1.0000  0.5804  0.7089  0.0952  0.5896  0.7322  -1.0000  0.6748  0.7662  0.3173  0.000000
epoch:121 0.6666  0.9254  0.8320  -1.0000  0.5846  0.7093  0.0952  0.5893  0.7324  -1.0000  0.6735  0.7665  0.3173  0.000000
epoch:122 0.6657  0.9253  0.8304  -1.0000  0.5831  0.7101  0.0950  0.5897  0.7321  -1.0000  0.6704  0.7688  0.3163  0.000000
epoch:123 0.6661  0.9255  0.8308  -1.0000  0.5823  0.7096  0.0957  0.5901  0.7331  -1.0000  0.6743  0.7682  0.3174  0.000000
epoch:124 0.6658  0.9257  0.8321  -1.0000  0.5817  0.7087  0.0951  0.5902  0.7330  -1.0000  0.6737  0.7688  0.3185  0.000000
epoch:125 0.6640  0.9249  0.8293  -1.0000  0.5809  0.7052  0.0956  0.5889  0.7315  -1.0000  0.6740  0.7645  0.3202  0.000000
epoch:126 0.6645  0.9241  0.8288  -1.0000  0.5832  0.7076  0.0953  0.5896  0.7331  -1.0000  0.6766  0.7660  0.3181  0.000000
epoch:127 0.6643  0.9243  0.8294  -1.0000  0.5794  0.7080  0.0956  0.5895  0.7317  -1.0000  0.6720  0.7673  0.3175  0.000000
epoch:128 0.6632  0.9240  0.8278  -1.0000  0.5805  0.7050  0.0959  0.5894  0.7324  -1.0000  0.6743  0.7659  0.3167  0.000000
epoch:129 0.6654  0.9251  0.8292  -1.0000  0.5821  0.7072  0.0955  0.5911  0.7336  -1.0000  0.6757  0.7683  0.3180  0.000000
epoch:130 0.6659  0.9253  0.8316  -1.0000  0.5813  0.7086  0.0953  0.5900  0.7322  -1.0000  0.6731  0.7671  0.3166  0.000000
epoch:131 0.6654  0.9251  0.8313  -1.0000  0.5835  0.7085  0.0951  0.5898  0.7322  -1.0000  0.6724  0.7676  0.3171  0.000000
epoch:132 0.6664  0.9259  0.8321  -1.0000  0.5845  0.7092  0.0950  0.5908  0.7325  -1.0000  0.6719  0.7685  0.3155  0.000000
epoch:133 0.6656  0.9256  0.8304  -1.0000  0.5847  0.7079  0.0954  0.5895  0.7325  -1.0000  0.6745  0.7672  0.3171  0.000000
epoch:134 0.6638  0.9246  0.8275  -1.0000  0.5801  0.7055  0.0953  0.5888  0.7318  -1.0000  0.6729  0.7656  0.3178  0.000000
epoch:135 0.6647  0.9246  0.8366  -1.0000  0.5809  0.7095  0.0955  0.5899  0.7308  -1.0000  0.6698  0.7682  0.3175  0.000000
epoch:136 0.6650  0.9246  0.8327  -1.0000  0.5856  0.7058  0.0955  0.5901  0.7329  -1.0000  0.6753  0.7659  0.3157  0.000000
epoch:137 0.6652  0.9254  0.8294  -1.0000  0.5817  0.7081  0.0951  0.5895  0.7320  -1.0000  0.6740  0.7666  0.3181  0.000000
epoch:138 0.6656  0.9255  0.8324  -1.0000  0.5859  0.7076  0.0951  0.5907  0.7325  -1.0000  0.6749  0.7673  0.3181  0.000000
epoch:139 0.6657  0.9257  0.8315  -1.0000  0.5849  0.7078  0.0953  0.5902  0.7329  -1.0000  0.6745  0.7677  0.3178  0.000000
epoch:140 0.6661  0.9253  0.8311  -1.0000  0.5817  0.7074  0.0953  0.5907  0.7336  -1.0000  0.6752  0.7672  0.3176  0.000000
epoch:141 0.6655  0.9251  0.8319  -1.0000  0.5832  0.7086  0.0954  0.5887  0.7310  -1.0000  0.6688  0.7680  0.3187  0.000000
epoch:142 0.6640  0.9238  0.8287  -1.0000  0.5820  0.7063  0.0955  0.5889  0.7312  -1.0000  0.6714  0.7660  0.3181  0.000000
epoch:143 0.6628  0.9247  0.8290  -1.0000  0.5825  0.7047  0.0958  0.5892  0.7313  -1.0000  0.6711  0.7663  0.3180  0.000000
epoch:144 0.6654  0.9244  0.8291  -1.0000  0.5793  0.7075  0.0955  0.5900  0.7320  -1.0000  0.6731  0.7662  0.3179  0.000000
epoch:145 0.6657  0.9251  0.8357  -1.0000  0.5801  0.7071  0.0956  0.5903  0.7330  -1.0000  0.6738  0.7672  0.3171  0.000000
epoch:146 0.6649  0.9246  0.8296  -1.0000  0.5830  0.7075  0.0956  0.5904  0.7323  -1.0000  0.6727  0.7670  0.3196  0.000000
epoch:147 0.6656  0.9248  0.8304  -1.0000  0.5851  0.7072  0.0948  0.5905  0.7335  -1.0000  0.6761  0.7673  0.3185  0.000000
epoch:148 0.6628  0.9243  0.8258  -1.0000  0.5792  0.7060  0.0953  0.5883  0.7296  -1.0000  0.6675  0.7650  0.3175  0.000000
epoch:149 0.6623  0.9247  0.8296  -1.0000  0.5774  0.7064  0.0953  0.5893  0.7309  -1.0000  0.6744  0.7655  0.3166  0.000000
epoch:150 0.6633  0.9237  0.8275  -1.0000  0.5822  0.7055  0.0949  0.5902  0.7320  -1.0000  0.6752  0.7652  0.3183  0.000000
epoch:151 0.6647  0.9249  0.8289  -1.0000  0.5842  0.7076  0.0950  0.5899  0.7326  -1.0000  0.6734  0.7673  0.3170  0.000000
epoch:152 0.6638  0.9247  0.8267  -1.0000  0.5785  0.7076  0.0954  0.5893  0.7294  -1.0000  0.6672  0.7665  0.3172  0.000000
epoch:153 0.6661  0.9250  0.8349  -1.0000  0.5827  0.7082  0.0956  0.5910  0.7336  -1.0000  0.6766  0.7671  0.3167  0.000000
epoch:154 0.6635  0.9242  0.8297  -1.0000  0.5798  0.7048  0.0954  0.5887  0.7318  -1.0000  0.6740  0.7646  0.3186  0.000000
epoch:155 0.6652  0.9260  0.8323  -1.0000  0.5785  0.7088  0.0952  0.5892  0.7317  -1.0000  0.6708  0.7672  0.3169  0.000000
epoch:156 0.6647  0.9252  0.8314  -1.0000  0.5834  0.7067  0.0957  0.5896  0.7320  -1.0000  0.6740  0.7652  0.3194  0.000000
epoch:157 0.6659  0.9247  0.8294  -1.0000  0.5866  0.7071  0.0955  0.5907  0.7329  -1.0000  0.6757  0.7666  0.3185  0.000000
epoch:158 0.6650  0.9247  0.8346  -1.0000  0.5831  0.7076  0.0954  0.5902  0.7325  -1.0000  0.6739  0.7670  0.3162  0.000000
epoch:159 0.6636  0.9232  0.8285  -1.0000  0.5803  0.7067  0.0952  0.5885  0.7313  -1.0000  0.6759  0.7649  0.3181  0.000000
epoch:160 0.6629  0.9242  0.8283  -1.0000  0.5808  0.7065  0.0955  0.5894  0.7316  -1.0000  0.6717  0.7665  0.3187  0.000000
epoch:161 0.6650  0.9246  0.8297  -1.0000  0.5815  0.7066  0.0957  0.5886  0.7313  -1.0000  0.6713  0.7650  0.3177  0.000000
epoch:162 0.6659  0.9255  0.8326  -1.0000  0.5836  0.7086  0.0950  0.5893  0.7327  -1.0000  0.6729  0.7680  0.3173  0.000000
epoch:163 0.6661  0.9252  0.8351  -1.0000  0.5819  0.7072  0.0954  0.5913  0.7329  -1.0000  0.6762  0.7671  0.3185  0.000000
epoch:164 0.6649  0.9243  0.8297  -1.0000  0.5774  0.7105  0.0956  0.5901  0.7314  -1.0000  0.6700  0.7688  0.3182  0.000000
epoch:165 0.6638  0.9247  0.8296  -1.0000  0.5822  0.7062  0.0951  0.5881  0.7316  -1.0000  0.6728  0.7663  0.3195  0.000000
epoch:166 0.6639  0.9246  0.8303  -1.0000  0.5770  0.7067  0.0954  0.5892  0.7318  -1.0000  0.6731  0.7656  0.3178  0.000000
epoch:167 0.6636  0.9244  0.8304  -1.0000  0.5817  0.7068  0.0955  0.5900  0.7315  -1.0000  0.6739  0.7661  0.3176  0.000000
epoch:168 0.6662  0.9250  0.8310  -1.0000  0.5852  0.7090  0.0953  0.5911  0.7323  -1.0000  0.6754  0.7664  0.3166  0.000000
epoch:169 0.6632  0.9203  0.8300  -1.0000  0.5797  0.7063  0.0952  0.5883  0.7310  -1.0000  0.6713  0.7650  0.3174  0.000000
epoch:170 0.6666  0.9255  0.8319  -1.0000  0.5856  0.7083  0.0954  0.5899  0.7324  -1.0000  0.6747  0.7666  0.3183  0.000000
epoch:171 0.6658  0.9252  0.8305  -1.0000  0.5840  0.7089  0.0955  0.5899  0.7321  -1.0000  0.6729  0.7674  0.3178  0.000000
epoch:172 0.6649  0.9250  0.8312  -1.0000  0.5811  0.7074  0.0955  0.5906  0.7320  -1.0000  0.6720  0.7677  0.3190  0.000000
epoch:173 0.6647  0.9253  0.8315  -1.0000  0.5823  0.7083  0.0957  0.5901  0.7328  -1.0000  0.6740  0.7674  0.3161  0.000000
epoch:174 0.6620  0.9222  0.8270  -1.0000  0.5794  0.7060  0.0958  0.5892  0.7308  -1.0000  0.6709  0.7674  0.3172  0.000000
epoch:175 0.6639  0.9235  0.8275  -1.0000  0.5796  0.7059  0.0952  0.5893  0.7323  -1.0000  0.6753  0.7657  0.3178  0.000000
epoch:176 0.6642  0.9250  0.8304  -1.0000  0.5842  0.7066  0.0958  0.5899  0.7314  -1.0000  0.6735  0.7666  0.3166  0.000000
epoch:177 0.6638  0.9239  0.8352  -1.0000  0.5793  0.7062  0.0957  0.5897  0.7304  -1.0000  0.6715  0.7660  0.3164  0.000000
epoch:178 0.6629  0.9247  0.8296  -1.0000  0.5813  0.7047  0.0954  0.5884  0.7306  -1.0000  0.6709  0.7658  0.3179  0.000000
epoch:179 0.6641  0.9252  0.8308  -1.0000  0.5825  0.7074  0.0957  0.5893  0.7310  -1.0000  0.6713  0.7659  0.3177  0.000000
epoch:180 0.6643  0.9252  0.8354  -1.0000  0.5844  0.7071  0.0959  0.5897  0.7319  -1.0000  0.6728  0.7666  0.3180  0.000000
epoch:181 0.6653  0.9252  0.8323  -1.0000  0.5796  0.7083  0.0954  0.5901  0.7318  -1.0000  0.6715  0.7677  0.3178  0.000000
epoch:182 0.6652  0.9251  0.8325  -1.0000  0.5825  0.7091  0.0958  0.5902  0.7310  -1.0000  0.6707  0.7669  0.3167  0.000000
epoch:183 0.6649  0.9255  0.8310  -1.0000  0.5829  0.7064  0.0957  0.5900  0.7320  -1.0000  0.6723  0.7666  0.3175  0.000000
epoch:184 0.6665  0.9250  0.8304  -1.0000  0.5850  0.7089  0.0953  0.5909  0.7331  -1.0000  0.6763  0.7674  0.3192  0.000000
epoch:185 0.6640  0.9251  0.8264  -1.0000  0.5834  0.7060  0.0955  0.5890  0.7309  -1.0000  0.6734  0.7644  0.3182  0.000000
epoch:186 0.6648  0.9252  0.8319  -1.0000  0.5794  0.7072  0.0957  0.5897  0.7314  -1.0000  0.6734  0.7661  0.3183  0.000000
epoch:187 0.6646  0.9247  0.8306  -1.0000  0.5786  0.7086  0.0957  0.5893  0.7311  -1.0000  0.6688  0.7672  0.3187  0.000000
epoch:188 0.6639  0.9249  0.8312  -1.0000  0.5829  0.7059  0.0955  0.5886  0.7311  -1.0000  0.6726  0.7653  0.3181  0.000000
epoch:189 0.6677  0.9261  0.8365  -1.0000  0.5866  0.7091  0.0948  0.5903  0.7332  -1.0000  0.6753  0.7680  0.3176  0.000000
epoch:190 0.6651  0.9247  0.8307  -1.0000  0.5814  0.7077  0.0952  0.5903  0.7319  -1.0000  0.6735  0.7656  0.3172  0.000000
epoch:191 0.6647  0.9253  0.8308  -1.0000  0.5838  0.7073  0.0956  0.5898  0.7317  -1.0000  0.6723  0.7672  0.3163  0.000000
epoch:192 0.6658  0.9286  0.8307  -1.0000  0.5847  0.7075  0.0951  0.5899  0.7328  -1.0000  0.6763  0.7663  0.3185  0.000000
epoch:193 0.6655  0.9246  0.8291  -1.0000  0.5851  0.7067  0.0955  0.5887  0.7327  -1.0000  0.6747  0.7663  0.3174  0.000000
epoch:194 0.6650  0.9244  0.8295  -1.0000  0.5845  0.7064  0.0954  0.5899  0.7326  -1.0000  0.6759  0.7654  0.3180  0.000000
epoch:195 0.6653  0.9250  0.8318  -1.0000  0.5785  0.7089  0.0954  0.5896  0.7304  -1.0000  0.6695  0.7667  0.3193  0.000000
epoch:196 0.6646  0.9250  0.8308  -1.0000  0.5807  0.7102  0.0958  0.5895  0.7309  -1.0000  0.6689  0.7689  0.3173  0.000000
epoch:197 0.6638  0.9245  0.8307  -1.0000  0.5822  0.7072  0.0956  0.5893  0.7307  -1.0000  0.6699  0.7669  0.3186  0.000000
epoch:198 0.6653  0.9251  0.8315  -1.0000  0.5806  0.7083  0.0954  0.5901  0.7322  -1.0000  0.6711  0.7682  0.3163  0.000000
epoch:199 0.6642  0.9243  0.8298  -1.0000  0.5830  0.7059  0.0953  0.5905  0.7327  -1.0000  0.6754  0.7666  0.3183  0.000000
