epoch:0 0.6157  0.8838  0.7705  -1.0000  0.5037  0.6591  0.0907  0.5693  0.7212  -1.0000  0.6746  0.7442  0.6946  0.002500
epoch:1 0.6208  0.8939  0.7758  -1.0000  0.5054  0.6606  0.0916  0.5727  0.7265  -1.0000  0.6960  0.7466  0.5167  0.002500
epoch:2 0.6443  0.9071  0.8092  -1.0000  0.5390  0.6876  0.0950  0.5842  0.7341  -1.0000  0.6825  0.7613  0.4656  0.002500
epoch:3 0.6559  0.9177  0.8257  -1.0000  0.5512  0.7000  0.0949  0.5864  0.7379  -1.0000  0.6870  0.7677  0.4196  0.000250
epoch:4 0.6573  0.9186  0.8248  -1.0000  0.5590  0.7003  0.0953  0.5880  0.7405  -1.0000  0.6944  0.7676  0.4090  0.000250
epoch:5 0.6659  0.9265  0.8340  -1.0000  0.5655  0.7066  0.0958  0.5911  0.7444  -1.0000  0.7011  0.7703  0.4076  0.000250
epoch:6 0.6610  0.9219  0.8289  -1.0000  0.5583  0.7052  0.0957  0.5887  0.7395  -1.0000  0.6878  0.7683  0.4012  0.000025
epoch:7 0.6633  0.9217  0.8317  -1.0000  0.5579  0.7067  0.0956  0.5904  0.7426  -1.0000  0.6954  0.7713  0.3990  0.000025
epoch:8 0.6618  0.9210  0.8282  -1.0000  0.5555  0.7055  0.0957  0.5904  0.7416  -1.0000  0.6931  0.7705  0.3984  0.000025
epoch:9 0.6620  0.9227  0.8334  -1.0000  0.5594  0.7070  0.0959  0.5908  0.7416  -1.0000  0.6881  0.7735  0.3979  0.000003
epoch:10 0.6638  0.9270  0.8331  -1.0000  0.5642  0.7063  0.0958  0.5903  0.7417  -1.0000  0.6927  0.7704  0.3992  0.000003
epoch:11 0.6634  0.9264  0.8338  -1.0000  0.5613  0.7070  0.0957  0.5909  0.7433  -1.0000  0.6924  0.7745  0.3980  0.000003
epoch:12 0.6616  0.9214  0.8277  -1.0000  0.5596  0.7042  0.0958  0.5898  0.7418  -1.0000  0.6956  0.7698  0.3986  0.000000
epoch:13 0.6641  0.9257  0.8324  -1.0000  0.5602  0.7072  0.0955  0.5921  0.7437  -1.0000  0.6969  0.7725  0.3985  0.000000
epoch:14 0.6660  0.9280  0.8331  -1.0000  0.5618  0.7096  0.0959  0.5922  0.7436  -1.0000  0.6949  0.7738  0.3970  0.000000
epoch:15 0.6642  0.9266  0.8339  -1.0000  0.5628  0.7097  0.0958  0.5927  0.7436  -1.0000  0.6916  0.7765  0.3983  0.000000
epoch:16 0.6641  0.9259  0.8329  -1.0000  0.5629  0.7076  0.0958  0.5922  0.7429  -1.0000  0.6963  0.7715  0.4001  0.000000
epoch:17 0.6510  0.9055  0.8206  -1.0000  0.5450  0.6965  0.0953  0.5819  0.7317  -1.0000  0.6791  0.7617  0.4008  0.000000
epoch:18 0.6591  0.9186  0.8287  -1.0000  0.5569  0.7032  0.0962  0.5862  0.7370  -1.0000  0.6831  0.7675  0.3984  0.000000
epoch:19 0.6595  0.9210  0.8274  -1.0000  0.5547  0.7043  0.0956  0.5878  0.7394  -1.0000  0.6895  0.7687  0.3992  0.000000
